100 1000
81 44
80 8
93 90
41 24
83 20
63 92
83 93
43 34
15 14
29 75
3 44
63 54
17 67
21 31
70 28
49 73
83 58
9 21
15 57
4 76
67 35
60 20
52 51
3 66
52 98
54 40
69 64
46 58
15 51
27 68
45 64
48 20
97 16
72 63
56 81
87 36
95 16
92 17
35 69
60 46
37 25
73 18
31 45
27 19
77 27
58 69
7 50
58 84
76 35
3 53
19 100
71 27
42 40
14 81
47 12
51 60
49 7
91 38
89 3
30 13
97 41
61 41
65 100
54 12
60 52
66 41
93 24
77 71
47 82
95 97
97 91
41 42
23 54
15 7
7 51
56 52
58 72
76 84
47 22
90 9
8 48
70 67
42 16
51 99
35 59
57 57
37 2
57 4
7 87
87 70
91 98
10 51
21 16
91 85
72 36
32 47
23 53
95 66
58 27
86 43
