10000 20000
67 4
68 30
29 97
71 37
94 11
53 52
59 4
2 22
4 69
13 78
40 22
51 81
44 80
90 43
20 73
60 70
51 50
80 17
37 92
31 59
17 39
36 76
16 88
66 60
53 15
98 33
76 24
54 29
22 90
22 27
16 36
60 45
38 79
33 75
24 68
71 22
89 24
80 78
55 96
24 30
56 9
92 20
92 76
63 46
4 30
97 38
24 42
27 43
77 61
28 60
45 94
13 76
86 9
49 61
43 100
26 32
62 87
98 53
68 81
13 72
6 54
2 97
1 76
57 41
37 54
96 47
32 72
50 81
67 54
97 80
66 37
44 12
7 92
98 83
1 30
61 72
38 36
35 96
21 43
69 92
2 46
11 42
18 42
66 59
99 82
76 54
78 56
71 22
13 99
87 25
32 63
12 57
48 75
81 77
100 17
100 54
19 84
98 72
50 30
36 24
41 88
91 50
39 8
66 56
77 19
60 2
20 95
45 1
70 99
82 78
12 87
50 23
6 47
98 96
41 68
36 88
12 84
37 27
94 6
77 26
6 78
44 2
36 69
55 64
4 11
33 41
46 81
75 49
77 1
98 39
68 65
95 59
38 68
37 35
35 49
9 25
45 14
64 31
25 14
21 42
22 73
51 64
50 83
77 83
21 88
47 33
46 37
57 90
98 14
86 68
27 14
34 91
19 90
72 5
7 70
60 32
31 25
49 10
91 77
43 19
57 43
46 28
68 80
30 40
50 9
98 10
75 61
46 50
15 95
81 82
68 81
29 64
87 68
35 44
75 20
99 84
86 92
58 7
37 2
12 13
85 100
38 41
3 20
29 23
61 8
21 64
55 15
24 81
85 69
13 55
36 58
51 63
57 3
88 29
48 65
92 32
26 18
19 11
2 99
98 39
33 84
29 76
98 83
60 79
100 66
30 65
31 18
24 35
54 94
6 54
2 66
74 89
70 97
22 43
62 53
21 6
49 12
72 97
91 9
78 71
78 5
11 29
93 54
99 27
50 59
1 3
77 8
94 89
6 43
59 28
95 52
77 54
34 86
59 33
12 48
100 41
77 26
99 15
4 100
78 36
61 12
87 20
77 19
56 78
19 21
26 42
91 68
61 64
12 57
37 17
29 59
63 57
46 84
10 78
26 49
38 81
21 33
34 41
50 29
16 84
45 97
1 22
95 45
98 28
39 41
79 8
100 66
59 90
10 27
95 72
61 26
64 37
50 98
57 32
48 60
45 49
98 97
63 11
89 40
81 51
8 27
63 44
60 84
13 56
22 63
86 89
72 52
35 68
55 94
71 95
72 6
98 96
59 88
11 65
55 20
24 94
6 75
23 28
51 29
98 59
10 12
66 15
45 40
10 61
70 82
75 20
30 25
53 11
93 38
26 76
96 90
27 49
59 27
21 82
14 61
42 78
1 47
47 78
63 91
66 23
60 44
26 99
22 88
25 45
31 19
36 91
81 62
43 82
89 69
42 54
10 3
33 67
27 7
54 66
48 6
32 84
74 57
29 33
70 35
11 26
52 52
22 68
7 46
88 96
38 55
51 47
97 40
5 59
24 44
23 53
35 75
47 37
50 38
75 20
22 25
59 42
76 46
22 96
38 40
88 10
81 47
1 91
54 80
29 16
35 55
35 3
18 85
91 61
63 12
9 20
94 24
80 78
71 81
44 14
70 11
18 78
9 67
96 46
46 73
98 55
43 97
7 70
36 87
46 26
15 47
51 83
93 32
38 46
42 64
11 34
6 54
92 31
12 46
35 100
38 17
65 67
7 76
54 26
13 3
70 91
37 5
54 61
61 26
23 24
20 87
24 68
51 79
61 70
96 50
30 75
38 66
99 41
63 30
16 82
10 85
11 43
82 23
97 50
62 92
42 52
28 48
39 68
4 35
77 66
48 64
27 7
67 36
60 70
92 57
72 32
25 90
84 63
15 11
3 86
17 85
56 79
73 58
100 68
32 4
80 2
58 39
28 45
2 97
42 18
45 98
41 48
48 38
98 7
4 63
65 71
45 21
25 97
72 3
66 6
34 99
99 79
45 6
57 51
14 3
15 51
71 25
47 23
47 31
91 62
62 41
52 33
12 58
18 22
19 65
33 98
59 86
31 46
26 77
34 11
41 63
96 7
27 40
44 80
16 29
33 21
5 37
75 85
13 18
75 88
37 39
89 70
80 75
44 27
6 54
92 59
78 36
42 69
44 9
73 16
72 68
56 33
49 57
12 19
18 10
92 9
12 20
71 42
21 66
46 57
10 40
53 98
95 94
11 4
47 19
89 99
32 89
54 11
94 24
27 64
61 59
83 28
72 34
81 73
89 30
73 35
61 78
28 11
97 56
48 12
67 27
54 15
8 3
40 58
34 29
27 50
25 27
80 66
68 95
10 73
28 63
28 21
26 52
10 93
34 63
34 71
77 89
92 27
55 47
58 15
61 99
66 45
61 61
96 14
71 78
80 70
87 23
97 98
67 65
82 2
15 75
19 27
87 2
86 82
6 48
20 52
15 93
58 70
21 39
8 82
23 45
70 95
72 90
33 8
45 68
77 31
48 11
28 54
72 93
68 39
20 35
95 76
26 100
100 30
64 49
10 65
49 62
34 25
72 93
11 40
49 2
30 44
3 64
97 71
83 44
80 98
100 88
61 83
92 14
54 74
26 75
5 81
99 4
69 89
67 43
88 18
74 89
88 94
93 29
26 49
26 46
94 50
99 86
96 72
21 38
2 4
61 70
29 3
77 3
13 73
53 81
72 85
10 80
23 28
55 97
4 58
28 61
60 45
60 23
57 68
30 93
28 79
59 68
99 73
67 16
42 56
29 12
39 50
88 97
28 49
48 44
16 93
74 89
72 24
99 14
74 74
83 8
33 4
10 88
21 67
76 76
32 44
76 35
69 26
57 4
22 82
83 50
65 68
44 66
99 34
97 47
99 17
9 13
63 1
25 24
53 83
44 33
38 97
31 52
40 87
49 61
35 42
34 9
73 97
98 40
73 62
68 33
31 79
67 44
39 24
65 74
71 88
64 36
15 80
6 98
47 28
66 19
34 90
19 94
73 86
17 90
74 78
52 38
34 42
45 100
94 33
69 44
98 31
59 29
24 90
89 31
83 3
77 76
61 67
27 5
19 10
58 26
79 89
73 74
43 11
25 60
79 19
32 49
75 93
24 28
89 43
21 51
47 72
72 59
72 66
70 40
1 86
70 19
83 78
49 53
82 20
73 34
76 59
30 42
97 77
48 99
82 59
24 72
52 95
54 37
27 60
74 21
7 48
99 20
89 9
21 90
32 91
57 95
87 60
62 83
68 61
25 23
30 97
96 66
60 82
97 43
22 24
73 25
23 93
22 24
37 21
82 37
79 94
76 6
63 96
55 14
64 22
43 32
62 63
33 86
44 76
45 51
96 79
58 83
30 54
39 78
90 30
35 51
63 85
63 81
84 85
1 19
97 16
67 100
4 83
67 12
49 9
80 99
66 26
90 36
86 6
27 3
13 75
80 93
74 52
94 43
87 87
83 87
71 77
69 23
83 29
62 9
77 13
55 76
80 10
55 72
87 63
17 15
34 24
22 52
79 43
33 99
42 44
6 8
88 19
13 22
50 6
63 67
5 25
100 19
91 6
83 38
28 92
2 54
34 46
8 58
33 8
41 47
21 85
26 64
96 87
68 64
85 81
41 63
41 58
10 57
99 82
65 2
71 74
77 48
75 67
12 71
54 77
79 87
64 99
4 46
52 84
34 100
31 80
4 58
12 100
72 16
13 62
34 61
86 48
50 39
43 77
69 88
15 77
22 14
89 55
47 89
97 7
97 74
76 50
86 60
22 82
96 53
93 53
79 57
76 74
23 73
25 50
39 34
9 28
47 6
10 23
90 78
64 63
13 35
38 25
55 70
81 63
82 76
22 7
7 55
32 62
72 100
52 88
30 69
43 71
79 85
2 26
55 49
15 75
58 93
31 99
67 91
83 70
88 7
34 84
100 85
59 97
84 79
52 12
96 16
22 74
22 58
17 11
90 96
17 17
85 90
51 73
12 73
81 66
20 84
23 64
8 65
24 43
25 84
69 76
92 100
98 59
58 32
13 20
48 12
7 54
72 35
35 68
94 88
15 9
26 30
85 75
85 90
57 69
82 66
55 93
93 30
69 70
79 65
84 80
93 18
25 90
35 33
73 57
30 4
82 72
34 76
3 49
86 70
9 62
50 53
51 28
54 4
59 87
29 96
66 94
41 5
86 86
55 18
46 63
86 9
27 35
56 11
16 90
61 44
46 54
46 31
68 3
97 52
2 18
1 74
3 29
99 15
63 53
20 56
76 88
95 66
13 21
2 85
75 63
33 2
72 35
88 82
75 10
82 69
35 94
43 36
11 33
6 30
36 93
73 6
41 4
87 42
96 38
46 98
67 7
99 90
11 41
54 61
35 12
19 96
54 86
84 45
41 68
44 10
27 9
73 74
43 25
91 52
23 32
84 21
31 85
31 56
73 29
78 32
49 42
35 99
36 9
63 21
13 20
31 64
93 43
80 61
72 78
42 97
95 22
46 72
66 51
89 89
35 25
64 41
19 95
68 1
55 82
64 91
65 13
93 69
55 36
80 93
21 65
64 30
78 11
32 26
17 75
44 1
91 32
61 56
19 22
69 16
85 94
50 66
31 31
44 28
32 14
97 97
9 62
23 20
7 51
81 94
62 68
18 100
85 83
45 89
22 60
32 10
59 62
9 94
34 40
60 93
29 70
26 42
62 24
24 88
64 10
92 86
7 84
49 29
6 32
1 47
36 11
46 100
6 71
52 89
3 53
57 25
35 5
41 72
18 73
2 34
82 90
5 9
11 88
63 91
96 68
74 39
48 59
24 28
44 99
95 90
88 27
13 3
65 97
53 96
88 98
52 77
4 97
83 20
85 90
37 57
54 18
94 95
54 22
76 59
18 45
13 67
46 31
61 23
5 57
90 15
67 99
21 27
49 60
15 19
13 83
78 88
91 77
26 41
32 77
17 86
57 3
44 31
67 87
84 33
48 1
24 15
64 19
8 45
37 43
39 24
67 22
60 70
36 54
32 95
79 19
16 64
54 1
66 33
55 93
7 33
98 3
69 59
45 46
60 80
80 82
6 2
6 24
96 41
69 99
66 24
58 10
44 86
30 64
45 20
5 36
8 60
75 51
87 90
45 61
35 72
64 19
44 21
13 50
61 60
56 14
67 24
87 47
89 36
85 15
2 74
64 5
28 34
96 73
1 88
92 30
85 44
12 86
61 29
44 94
97 47
57 41
49 24
25 14
80 34
54 74
86 33
82 36
100 39
73 60
27 85
80 83
10 6
69 51
51 35
70 61
23 73
41 89
45 40
60 63
50 54
15 72
87 3
82 70
17 70
41 68
38 35
93 46
85 95
69 10
23 2
24 62
12 33
25 83
57 68
26 54
96 45
18 5
26 33
87 92
31 59
38 39
11 5
69 86
57 14
50 54
16 100
30 44
100 37
53 55
40 28
74 95
41 32
55 90
24 69
39 24
2 77
52 38
74 62
44 75
27 92
35 46
5 26
7 24
76 69
25 34
47 6
6 99
81 48
58 66
69 28
79 100
75 33
80 23
40 51
3 49
73 65
19 22
1 41
83 96
18 92
99 54
73 2
88 36
57 68
95 21
55 25
97 25
36 32
24 68
82 6
10 74
40 36
68 71
29 4
50 49
37 8
40 16
83 2
32 64
86 11
60 56
28 83
97 58
8 71
28 25
24 19
92 4
3 40
41 14
90 9
19 52
27 48
18 38
100 58
73 99
58 18
95 66
11 59
94 81
91 14
42 55
31 20
35 27
48 80
58 83
34 45
39 68
69 40
72 75
50 61
8 56
6 77
93 90
65 82
39 11
76 39
21 15
59 80
46 53
87 47
77 88
97 12
72 52
5 73
92 70
14 97
34 58
38 59
69 93
58 66
51 55
57 98
9 47
79 52
48 1
79 20
39 14
44 16
82 81
28 73
73 29
13 45
74 89
24 2
50 11
87 93
62 8
15 18
79 87
35 89
2 41
72 9
64 40
27 99
8 73
1 64
100 61
25 28
63 45
98 46
12 82
17 73
33 39
68 70
62 9
73 62
6 91
5 100
93 6
31 33
58 43
72 69
33 7
24 7
38 1
23 73
82 34
22 31
69 87
20 38
34 82
65 23
30 69
55 69
64 11
25 79
100 94
50 2
57 40
49 34
56 63
8 85
97 79
89 17
49 65
35 58
95 46
18 48
3 31
88 9
26 11
2 25
66 55
3 93
8 37
74 16
67 92
93 61
98 96
62 43
37 33
88 60
82 26
50 59
30 61
73 63
33 68
9 4
18 31
36 82
48 23
26 51
90 50
47 100
16 13
19 97
42 39
89 4
96 35
58 86
16 6
4 16
12 36
11 80
45 68
78 17
56 49
60 91
42 87
97 58
10 7
71 23
60 98
28 93
91 56
69 72
84 25
12 89
72 87
13 84
87 27
3 16
40 98
21 6
86 14
70 52
31 15
39 3
30 99
71 96
8 23
1 100
47 64
98 89
63 2
63 72
88 90
18 53
7 54
49 94
21 33
41 60
81 86
36 40
100 36
48 65
81 78
49 72
47 72
43 27
44 46
24 98
24 32
51 46
71 98
87 60
78 81
60 80
31 24
49 70
45 70
64 16
37 73
33 70
1 92
10 15
42 63
58 3
19 76
95 5
78 5
66 45
88 74
62 93
51 23
14 27
100 1
81 20
55 100
94 36
48 82
36 40
60 42
57 9
87 89
92 79
11 18
77 39
53 54
3 68
65 39
90 5
10 11
100 12
85 33
95 73
26 39
54 35
98 23
48 3
79 81
62 96
69 89
62 49
14 82
45 67
27 96
27 29
80 1
86 11
42 74
26 36
36 71
57 18
98 67
71 81
40 99
48 96
39 6
82 80
41 90
55 2
7 9
74 24
7 98
11 33
37 47
94 31
53 10
19 85
9 31
13 83
20 1
19 100
48 91
7 10
85 87
18 47
93 60
20 49
70 80
54 80
57 95
30 7
4 1
50 20
6 29
8 28
6 93
22 96
17 11
33 47
70 29
64 71
6 47
58 48
93 77
81 64
85 5
38 20
79 14
4 50
95 71
16 68
5 25
17 4
15 51
70 72
13 85
30 51
80 2
34 77
56 31
89 96
53 68
55 6
80 35
40 80
46 31
43 31
96 66
48 58
60 70
63 69
79 75
55 71
8 97
59 47
47 33
78 18
18 75
38 36
56 87
44 57
92 36
23 20
33 98
72 55
4 38
62 62
35 75
89 34
91 64
83 9
97 29
94 23
83 96
49 67
45 75
63 25
97 65
19 100
94 30
3 83
70 30
1 84
68 57
33 13
94 47
22 56
54 38
98 80
71 16
71 5
82 32
87 60
52 24
54 33
65 15
83 97
25 79
14 14
72 25
67 64
40 87
69 64
77 50
2 42
80 54
86 40
29 25
94 23
70 21
54 65
79 100
72 66
27 66
73 59
84 40
71 95
18 72
82 45
23 16
43 87
4 16
67 78
69 94
83 96
62 46
63 25
29 41
74 81
60 31
44 59
59 24
62 57
70 20
31 30
9 28
91 82
70 77
57 8
61 68
1 11
37 12
52 40
46 18
42 80
92 59
58 2
26 32
9 90
21 41
13 58
34 77
79 25
45 13
25 54
4 20
12 6
79 35
30 75
24 7
74 86
71 25
59 97
46 81
16 36
87 54
6 31
24 35
61 82
59 40
28 85
51 79
60 79
55 92
67 45
33 9
18 19
73 82
80 42
79 95
58 70
50 25
81 63
48 100
11 59
55 23
73 75
7 26
85 14
80 67
16 85
30 17
88 14
50 28
80 80
25 46
68 100
16 46
62 10
16 28
33 32
61 18
10 30
60 39
61 40
44 98
23 9
97 63
15 79
14 10
36 52
60 47
73 66
14 17
75 94
13 47
27 46
45 92
27 48
33 74
38 89
40 30
73 70
80 1
65 28
56 55
71 13
70 33
45 24
52 60
56 48
13 63
34 90
56 51
44 23
64 43
94 57
82 60
42 99
23 12
98 25
18 29
99 39
57 57
88 85
35 17
83 20
58 44
51 67
94 19
35 55
23 6
32 66
3 48
24 15
54 93
83 70
29 22
100 53
80 77
45 16
90 71
34 50
69 45
60 78
48 58
88 83
2 78
61 29
49 48
59 87
44 67
38 92
55 92
15 37
16 47
71 32
32 67
88 56
65 15
55 47
44 85
61 71
89 16
89 9
82 28
84 59
60 9
41 22
81 40
66 84
94 50
70 54
97 25
79 39
62 24
69 56
77 86
88 91
82 53
51 94
6 81
46 4
78 28
16 88
11 53
7 12
33 35
51 29
42 43
36 26
90 93
93 68
69 37
65 68
51 46
26 78
75 60
78 78
78 77
82 48
53 80
22 68
63 37
27 39
16 15
12 15
18 4
23 28
29 78
41 92
82 8
80 94
87 65
79 11
22 59
98 42
80 53
47 49
36 57
38 76
95 78
9 81
78 55
58 69
91 90
49 88
22 69
77 67
25 19
48 71
96 65
66 31
93 65
29 62
79 68
68 65
44 68
58 27
57 64
15 4
5 46
63 40
69 59
41 67
67 38
79 58
12 4
3 9
14 61
40 23
1 53
73 80
95 15
30 14
16 16
56 33
75 26
61 61
4 18
56 12
72 85
72 6
48 74
87 77
44 72
35 86
24 44
6 47
62 85
44 32
92 30
57 29
34 40
65 11
39 89
86 12
63 28
12 22
41 11
77 38
83 13
47 23
11 18
59 99
13 44
50 51
16 56
72 21
66 2
14 8
65 20
17 60
23 25
55 94
54 35
57 85
51 45
35 17
29 84
38 60
79 64
54 34
17 77
58 98
14 14
13 62
89 53
21 10
52 54
60 91
96 50
16 26
85 14
94 60
58 94
86 69
78 5
80 31
57 51
65 88
2 29
72 67
64 6
5 55
63 96
98 43
61 95
97 31
12 30
29 86
13 26
10 75
35 21
72 17
17 62
31 46
59 33
52 78
62 93
53 66
80 78
68 56
41 18
19 86
57 34
73 42
91 2
74 77
32 63
75 8
18 30
51 65
77 19
13 4
13 9
8 14
82 71
67 61
12 18
69 67
64 6
40 92
42 60
51 51
81 51
82 31
47 73
41 53
37 75
49 52
52 58
54 84
14 66
30 23
24 69
39 68
64 42
23 97
6 45
88 50
66 76
84 32
12 40
64 38
40 56
54 24
62 2
82 48
37 44
72 2
53 90
19 40
94 34
68 71
12 70
30 39
40 74
99 47
1 95
39 94
96 57
57 23
27 56
73 98
78 64
84 54
8 11
3 33
2 70
29 11
44 16
6 71
61 91
71 48
69 94
15 27
58 36
100 22
70 14
70 23
22 62
4 35
42 1
58 56
23 93
61 19
92 41
56 95
89 11
48 12
65 41
33 95
43 29
96 72
61 8
29 54
90 43
84 43
26 37
64 96
91 96
65 19
41 52
55 99
14 60
23 78
48 12
9 98
66 74
53 90
5 25
85 87
23 100
57 29
57 100
64 98
43 19
27 48
57 70
75 5
89 87
89 17
5 4
93 70
53 19
54 40
31 56
66 31
99 43
49 22
86 85
7 84
4 91
22 9
3 59
39 51
68 13
34 23
52 39
62 16
71 69
97 66
95 51
14 65
44 2
88 31
84 13
18 26
100 24
45 63
30 3
62 100
24 96
28 95
41 88
45 49
12 64
71 44
64 1
19 26
14 97
29 41
64 6
28 30
45 52
41 42
55 88
11 21
73 28
12 71
98 42
48 43
7 25
78 100
90 92
93 97
7 3
50 36
92 76
10 90
85 53
66 16
49 59
71 68
82 68
79 61
92 82
39 2
74 76
7 92
32 30
87 84
88 66
8 11
7 13
21 5
22 24
42 22
34 34
68 79
3 9
4 89
54 32
53 42
48 73
28 85
21 23
86 31
50 47
28 22
20 62
55 43
27 41
10 13
1 98
39 49
20 99
74 44
86 33
88 67
13 3
7 19
39 72
77 14
46 73
65 95
39 75
86 76
1 83
5 45
14 26
34 69
4 88
93 22
100 38
73 56
42 68
70 86
35 57
37 99
51 73
96 97
23 41
20 83
50 10
50 87
90 57
35 95
88 92
65 70
29 49
86 70
34 47
56 12
88 52
40 46
63 86
41 94
9 8
31 97
66 48
2 14
46 95
88 88
3 73
39 1
31 100
20 17
41 38
78 16
39 19
42 81
28 86
76 51
51 46
29 95
98 36
17 21
69 27
37 94
28 77
98 55
31 14
26 99
50 98
13 78
56 83
77 60
29 14
75 49
38 82
81 78
77 39
88 65
12 90
58 38
74 85
3 51
77 70
36 18
20 43
92 66
60 14
74 83
74 83
11 34
91 39
66 24
44 74
22 58
15 58
83 20
4 95
44 45
77 72
71 24
5 71
56 83
64 9
74 96
67 29
66 10
41 98
15 16
84 11
37 31
34 36
68 94
1 86
95 76
92 26
76 9
71 100
96 95
76 56
72 9
90 12
44 61
30 89
3 50
71 25
95 56
76 3
70 11
21 43
99 15
82 11
12 87
91 41
43 74
97 36
97 53
9 74
33 35
80 44
60 43
76 71
22 26
42 60
26 85
63 50
31 26
60 90
78 54
56 18
84 22
1 46
91 74
41 35
7 75
6 74
38 76
37 67
15 22
20 68
18 52
52 42
50 36
2 92
47 70
33 16
69 34
46 51
84 43
27 27
3 88
16 19
46 22
19 8
75 62
23 70
51 100
37 69
66 48
72 6
33 18
21 63
69 77
96 39
87 42
14 11
88 57
22 33
2 94
49 37
17 61
15 25
81 63
39 11
52 95
19 37
96 59
29 14
18 70
54 5
20 87
97 5
46 66
7 94
59 73
100 63
84 7
10 83
32 73
2 57
91 72
89 62
53 9
57 94
80 37
59 61
93 22
72 63
50 85
7 18
63 28
53 70
28 11
72 35
28 29
48 68
42 20
9 39
42 29
73 99
8 83
37 9
66 97
8 9
40 5
3 59
7 59
23 21
2 61
27 42
65 40
29 54
93 52
80 13
82 99
78 79
19 52
94 13
65 75
76 75
29 95
30 98
31 88
75 89
59 23
58 99
99 30
49 71
33 66
15 53
50 92
17 42
60 4
31 94
84 21
53 93
61 18
59 81
89 51
10 41
95 50
95 68
95 47
59 7
12 40
94 47
79 84
44 40
55 7
12 36
45 91
44 78
6 19
96 13
33 60
84 64
60 3
72 53
70 78
86 17
39 93
78 31
40 96
78 49
66 69
9 3
73 80
83 20
86 60
60 46
58 21
35 77
53 23
100 46
81 6
87 60
64 97
22 72
65 54
60 72
15 94
100 21
72 88
74 19
40 20
53 3
12 42
65 11
33 27
28 79
37 91
22 28
82 52
39 36
64 36
58 55
80 36
98 33
25 65
71 20
28 51
37 14
98 89
75 81
21 24
27 49
72 51
32 90
96 61
8 48
30 90
100 92
52 63
12 53
82 100
7 76
76 17
1 37
3 66
80 51
49 87
36 41
92 97
24 79
23 52
47 59
22 31
37 21
7 22
5 62
32 80
2 17
56 18
20 23
47 10
39 53
17 8
19 44
23 40
16 43
19 19
72 25
32 91
81 41
27 44
33 57
26 79
41 10
63 99
53 39
5 68
37 93
75 50
57 51
72 43
2 14
53 61
71 53
5 38
88 76
6 42
39 30
74 30
34 34
98 22
3 75
73 92
27 56
60 63
63 93
6 23
16 8
83 60
17 42
75 35
10 66
78 92
91 14
97 98
1 34
52 32
88 45
92 93
44 75
63 27
65 63
7 98
3 49
59 73
42 72
76 11
49 42
40 1
94 75
86 56
95 26
87 82
84 97
94 25
36 95
98 94
41 5
85 84
76 60
38 54
99 56
50 7
62 21
91 74
13 8
75 70
61 31
71 93
47 98
64 14
5 52
31 89
95 46
27 73
45 85
62 31
91 23
14 18
64 62
14 94
59 15
15 74
17 89
93 42
96 91
81 75
14 32
67 2
20 28
28 99
43 43
16 31
63 72
58 99
83 35
97 67
90 11
76 39
59 38
84 89
98 46
29 22
87 40
31 53
29 18
28 26
94 90
44 78
35 98
53 68
28 88
75 85
43 9
18 90
96 88
26 92
11 82
36 72
56 55
45 21
58 76
38 87
11 100
2 40
68 14
53 42
14 95
95 10
77 24
12 95
61 18
61 18
25 9
33 25
97 37
85 53
9 46
83 8
49 8
82 69
67 82
98 36
1 82
61 47
91 37
67 57
84 63
85 62
8 95
13 56
42 73
75 29
50 24
54 91
63 83
36 43
51 94
46 70
28 65
58 41
42 12
6 78
37 75
97 47
48 34
63 91
3 97
52 17
4 45
27 45
100 11
40 3
9 73
56 22
24 33
74 42
8 63
19 20
73 29
71 88
71 12
61 86
62 13
100 61
20 76
8 32
96 14
36 67
31 24
87 95
81 60
85 93
2 20
79 81
62 24
58 81
87 52
29 23
1 82
98 75
29 78
32 47
4 46
45 96
89 97
51 58
93 96
97 25
66 100
7 58
75 41
99 23
21 12
35 97
16 36
68 53
5 41
16 83
85 65
56 54
32 34
11 71
30 95
40 62
80 66
25 85
43 15
1 14
85 37
9 38
61 19
54 59
74 93
88 1
20 44
91 4
25 16
27 39
52 51
6 7
78 67
10 16
20 73
79 36
53 99
22 38
6 46
56 83
70 52
69 66
47 47
23 25
58 95
54 40
50 1
16 75
95 75
48 60
47 74
41 98
34 2
15 81
6 76
82 88
73 65
91 47
74 14
31 9
36 1
16 38
8 65
51 17
68 87
49 54
52 92
18 75
40 69
22 63
83 4
87 62
83 31
94 78
19 78
7 35
80 5
33 19
63 22
94 56
76 70
44 25
74 55
13 84
31 83
53 8
91 56
97 99
25 68
68 24
86 48
60 49
39 100
40 65
87 9
18 6
18 82
92 92
77 34
61 16
2 95
48 29
62 69
64 24
12 32
65 53
75 19
74 52
55 32
12 98
36 78
98 10
32 41
84 29
5 95
17 12
22 86
8 34
67 92
12 9
82 58
79 77
14 85
76 13
11 24
39 50
56 61
48 4
72 70
48 23
51 28
80 86
27 43
36 52
9 93
72 48
69 76
97 43
98 25
39 91
18 33
9 77
65 23
6 98
10 37
60 48
82 70
43 16
14 62
94 5
81 25
20 77
81 91
73 6
55 65
47 40
93 64
66 96
30 91
35 66
33 97
12 37
75 58
28 23
75 66
93 96
27 46
38 4
39 76
18 49
18 32
89 3
50 82
65 95
15 30
27 56
87 72
75 44
25 32
43 18
92 54
56 5
21 86
68 26
8 97
19 2
66 91
38 3
85 35
46 22
20 82
100 18
87 59
18 37
46 43
61 9
8 92
70 22
65 19
84 5
99 16
49 22
61 21
58 33
38 22
18 34
2 54
80 81
62 20
21 79
86 56
34 35
5 79
61 38
73 2
61 57
53 38
6 50
36 20
91 51
25 56
31 87
85 24
49 64
83 42
1 55
46 24
90 1
20 16
52 30
87 84
8 54
41 76
72 40
40 81
33 19
34 39
51 79
3 78
67 34
3 21
70 54
57 63
77 9
52 55
14 35
9 37
28 71
83 79
89 9
75 73
75 66
35 52
18 50
100 6
19 66
88 100
2 4
36 30
36 36
71 86
79 50
63 94
7 56
90 47
25 40
40 33
96 54
16 77
68 6
67 74
84 68
2 44
85 12
63 98
87 91
74 8
16 94
7 46
71 14
29 72
27 45
34 3
36 15
71 17
2 45
30 90
19 57
91 38
27 49
4 70
18 67
2 96
99 77
99 35
81 90
25 41
51 86
48 55
13 80
99 58
50 19
96 89
8 83
86 96
39 4
28 91
18 17
48 61
27 90
61 73
4 33
24 57
45 93
3 51
100 65
46 63
48 39
80 93
88 16
95 66
92 22
36 73
94 13
22 55
35 19
97 99
100 47
37 41
72 32
59 16
78 72
82 60
24 66
88 3
89 61
13 34
46 86
76 64
18 23
17 38
73 37
23 16
57 15
28 79
29 98
27 83
72 19
100 80
56 31
42 91
97 76
46 49
24 73
50 58
9 13
21 1
5 66
45 63
53 39
7 52
59 87
95 19
50 37
55 9
59 36
89 68
57 88
78 95
74 57
100 18
85 25
87 14
13 91
2 34
18 27
8 62
26 2
47 21
66 85
48 49
8 81
49 64
66 93
72 93
84 69
96 20
100 12
66 69
86 2
95 87
37 89
31 61
22 64
52 57
84 95
72 79
96 31
87 23
77 57
61 91
66 44
27 41
53 83
10 26
16 66
26 1
7 44
43 37
64 89
52 9
56 86
4 52
65 68
59 35
21 25
54 48
48 93
6 29
7 32
99 15
14 38
6 100
40 39
6 25
51 48
61 48
93 29
1 5
97 71
77 8
78 77
7 100
75 44
63 13
21 80
74 24
76 60
4 62
81 89
51 68
64 46
11 81
9 77
45 63
21 36
7 30
65 79
1 57
14 72
49 15
1 35
12 11
61 44
70 62
15 69
51 4
86 78
1 16
35 65
8 4
47 62
64 100
98 43
8 73
58 14
53 29
8 64
3 100
75 44
60 7
84 40
56 26
45 62
1 11
1 97
58 93
19 77
13 4
85 6
57 81
54 3
39 2
35 14
63 21
9 98
51 14
92 11
38 44
20 45
38 70
78 31
56 77
82 75
32 91
54 62
18 38
60 94
39 9
61 27
43 59
63 6
44 23
44 9
6 27
32 57
42 17
44 75
81 45
94 65
12 97
48 51
4 95
34 2
32 50
66 59
5 76
50 21
68 39
24 15
14 88
97 11
14 21
3 41
70 83
76 52
54 63
76 79
28 12
89 46
96 53
98 11
97 37
82 54
76 76
56 42
97 34
22 51
39 49
49 76
33 97
19 71
54 18
45 78
5 44
60 34
67 39
38 20
70 8
49 44
59 25
24 25
43 89
69 31
87 13
64 26
62 83
3 8
59 55
91 72
31 18
7 75
64 44
72 61
85 31
75 48
14 19
65 5
76 75
52 96
16 46
4 51
87 34
64 24
40 1
94 26
36 80
95 70
86 25
65 99
3 41
21 32
15 59
41 67
63 4
92 20
44 37
37 69
33 56
15 32
75 36
32 75
5 62
25 21
63 28
68 6
75 73
69 91
84 19
100 83
40 37
100 57
36 43
76 6
27 33
13 94
96 43
52 71
45 90
98 12
77 35
31 16
39 27
36 30
62 91
63 76
84 49
5 92
72 81
95 26
48 27
93 77
42 92
83 17
37 27
47 82
66 45
53 32
1 10
20 25
99 49
95 57
50 73
21 73
81 57
54 10
10 100
67 13
14 77
17 45
75 11
48 95
53 74
92 24
33 46
23 4
27 14
11 25
6 45
51 75
7 4
4 18
19 28
17 22
58 73
59 14
36 33
96 19
83 21
47 68
12 87
65 52
87 60
36 83
20 20
6 28
67 38
36 2
66 45
74 23
23 35
89 24
35 80
98 84
54 19
45 47
98 67
22 36
94 71
37 76
90 21
70 33
58 41
54 14
80 63
38 75
61 19
43 100
64 54
63 26
97 100
29 67
18 94
82 43
63 82
67 38
39 24
2 96
89 65
95 98
2 97
45 88
74 67
41 17
54 29
77 50
15 41
26 6
78 7
31 72
27 48
58 53
69 87
10 49
5 37
16 35
72 12
37 100
31 6
95 13
7 28
65 75
81 76
88 24
6 3
65 63
25 21
85 38
82 59
3 48
34 82
10 9
1 46
67 12
65 57
41 44
80 63
69 72
82 35
35 15
98 42
99 65
73 71
84 79
47 51
22 82
51 56
100 89
80 50
99 57
25 10
26 94
25 41
83 97
31 26
58 39
98 37
97 84
44 50
68 63
39 89
92 90
99 35
88 43
33 98
32 57
41 18
24 20
90 73
69 26
73 92
15 41
22 52
70 41
12 51
12 57
5 53
49 8
100 63
86 82
85 11
60 93
43 80
52 75
50 65
57 90
100 52
62 35
23 83
78 49
78 69
74 84
74 49
83 63
98 92
11 60
2 55
59 79
83 73
65 79
7 74
51 57
1 83
7 95
1 4
75 60
35 49
44 30
70 38
69 48
67 29
5 79
54 52
37 9
10 89
1 32
58 62
34 45
73 23
62 91
46 77
24 5
78 22
21 73
82 62
31 14
37 27
8 91
21 80
59 70
64 36
4 45
76 47
61 98
70 7
69 40
21 29
21 67
89 90
33 68
98 37
90 72
92 60
3 26
5 87
3 31
81 54
1 47
29 88
66 57
97 61
16 57
78 27
25 10
38 77
73 89
27 52
45 44
23 29
96 83
58 63
14 98
35 51
65 35
88 89
55 19
6 11
46 40
41 60
17 12
63 32
54 14
6 83
49 94
82 14
39 13
48 13
6 62
97 24
53 26
58 89
68 79
59 4
89 47
70 39
73 35
69 35
53 68
35 95
16 19
24 45
49 36
80 92
55 34
11 89
65 55
64 47
66 87
3 89
94 87
21 64
73 20
87 54
24 9
4 46
92 32
65 26
37 29
7 9
7 96
95 9
28 47
79 19
76 21
22 72
89 65
59 43
6 1
32 33
20 90
89 7
66 98
3 98
66 99
92 13
89 80
34 40
97 14
15 76
75 22
41 97
83 91
91 35
34 66
48 32
50 57
50 73
62 89
62 85
20 7
54 64
8 75
85 37
20 23
74 80
44 99
82 62
59 4
85 75
3 2
94 18
88 8
24 89
79 5
65 44
39 41
87 17
33 44
18 84
14 15
91 68
99 18
23 55
33 57
5 37
48 27
80 19
78 28
48 33
64 56
74 98
72 13
40 91
20 41
33 56
5 14
16 22
53 75
92 49
11 36
24 9
84 22
62 80
76 21
25 55
63 41
9 55
66 89
31 60
8 93
93 78
54 40
97 99
27 59
66 67
58 63
90 45
85 22
93 12
55 72
99 4
84 61
62 77
99 68
43 82
33 24
85 45
85 29
97 17
15 41
96 53
65 10
26 80
44 62
39 67
53 37
45 92
57 12
66 97
71 18
94 14
7 35
71 52
59 9
55 23
95 100
96 27
47 50
94 40
1 35
69 9
33 16
41 38
98 96
67 47
73 15
43 78
69 47
95 6
34 75
66 26
28 70
93 61
59 36
67 59
41 69
16 16
57 29
45 70
38 30
45 91
7 81
43 3
72 40
74 1
5 88
2 27
61 58
87 9
65 48
92 94
49 45
28 57
73 41
25 38
82 29
88 66
33 100
92 42
64 85
26 88
11 90
78 76
62 95
22 49
3 12
95 9
16 46
7 67
3 94
44 34
93 41
96 51
74 60
48 46
19 41
48 47
6 15
45 66
92 95
96 83
78 62
23 59
56 88
6 46
92 14
99 26
22 13
100 78
52 35
35 4
3 52
12 47
51 85
72 29
75 47
73 47
72 93
61 42
73 39
97 18
65 30
43 59
7 36
26 79
36 10
31 4
99 15
42 46
12 63
73 89
59 70
89 53
42 10
64 4
4 25
7 25
79 67
7 30
44 10
60 21
67 29
44 21
17 99
94 56
73 84
35 93
13 74
69 55
52 55
65 57
12 20
28 91
60 47
20 55
16 26
91 91
15 62
58 50
18 77
46 99
29 57
35 78
95 77
87 46
69 26
34 90
84 98
53 56
78 11
51 2
62 23
37 28
7 27
95 61
19 72
67 94
15 35
4 31
40 36
56 54
73 46
95 20
25 50
4 29
19 39
68 70
24 63
10 63
73 86
56 3
30 60
96 41
29 16
79 57
65 67
4 65
25 27
59 13
61 38
95 46
54 81
17 57
27 81
1 56
9 66
78 28
72 15
80 80
98 84
48 20
71 85
83 85
12 11
21 58
80 5
22 27
70 15
81 13
47 31
2 67
58 59
35 59
60 78
33 60
71 69
72 65
86 42
72 54
70 70
28 91
83 96
64 24
63 40
36 52
9 47
71 55
9 56
73 84
60 69
72 93
39 71
69 27
1 99
80 66
39 46
53 7
38 51
88 36
5 79
44 66
37 5
45 69
83 72
29 93
14 10
2 38
58 43
35 47
73 89
98 82
78 49
22 39
42 74
37 8
68 51
13 54
56 2
88 11
11 54
7 11
45 91
20 74
55 61
16 12
71 9
75 39
18 76
9 63
85 11
47 52
80 54
9 58
81 54
76 40
16 60
50 16
37 28
62 86
75 49
50 78
59 4
82 77
17 85
87 34
33 36
98 92
78 99
91 38
28 86
10 56
58 32
8 87
28 52
71 99
29 44
16 47
10 38
6 25
71 12
35 68
2 33
8 97
18 85
93 77
60 66
32 19
39 33
2 30
100 99
67 36
91 60
39 15
16 44
33 24
29 81
99 79
46 70
76 55
74 26
96 98
63 79
6 10
1 78
32 3
13 7
52 60
4 10
1 79
6 11
89 60
65 26
35 59
30 44
70 95
80 85
59 36
48 67
73 65
55 63
98 40
70 44
31 50
42 56
28 65
96 89
45 91
65 30
25 34
28 76
26 100
49 39
7 22
9 98
10 65
13 52
8 60
56 85
44 98
56 84
21 51
35 6
84 82
20 6
90 17
56 87
6 59
6 63
53 5
71 68
10 12
98 16
92 37
51 24
55 21
37 15
48 72
39 12
64 25
80 56
83 23
18 48
47 52
44 92
94 13
21 96
98 12
47 91
1 61
43 38
31 85
51 68
80 44
96 76
70 99
44 74
84 90
17 62
85 51
65 98
32 33
76 16
66 48
20 44
77 98
91 7
21 93
63 25
63 77
71 54
62 32
75 26
28 82
94 65
54 82
91 40
76 51
95 95
81 10
1 39
89 36
77 52
96 53
61 63
93 68
15 64
34 31
68 72
76 87
43 92
12 29
36 54
91 22
76 22
49 95
98 32
76 96
71 28
59 49
61 31
11 55
78 96
62 96
56 27
21 63
57 45
50 15
52 11
98 39
4 74
62 75
81 57
54 5
62 12
54 53
5 4
87 30
72 29
17 96
90 68
16 44
87 76
79 12
22 82
14 22
42 88
6 20
11 62
58 74
36 24
34 84
12 18
69 61
49 18
46 51
20 20
75 5
13 29
80 57
41 32
37 80
41 56
100 28
65 94
14 31
4 42
96 93
74 14
79 72
18 10
67 65
6 45
93 32
72 38
82 21
2 40
32 94
83 96
18 18
10 79
93 27
31 42
18 84
13 64
62 81
25 29
12 50
98 5
15 57
24 71
12 67
27 63
30 15
14 13
93 11
23 14
44 8
48 41
86 38
51 93
6 92
62 93
87 35
22 3
46 4
91 69
98 15
65 68
58 80
39 99
41 97
78 10
9 18
41 69
23 79
85 79
50 93
94 39
51 76
50 30
73 48
5 45
77 47
98 71
72 14
27 49
30 97
65 76
11 74
22 30
31 43
86 95
66 53
46 30
80 9
41 88
26 13
3 80
90 36
11 20
7 30
21 61
52 49
98 4
83 92
54 87
40 66
37 57
17 26
47 25
45 21
15 51
79 23
90 58
49 62
19 13
57 77
97 32
18 16
66 46
3 33
80 22
52 70
16 70
8 99
50 60
82 80
46 56
33 82
96 8
23 19
82 68
79 3
73 65
31 77
7 33
13 90
28 9
91 99
76 21
95 13
42 83
3 33
98 75
54 99
77 19
82 6
22 70
60 70
8 68
93 72
94 65
96 18
56 5
40 66
5 17
19 1
23 19
52 61
43 40
9 63
67 53
2 89
21 93
69 47
73 36
22 73
84 55
68 55
90 10
27 50
93 71
62 23
46 14
41 56
69 20
21 58
6 99
50 41
17 89
78 23
14 29
92 51
62 55
14 32
24 100
69 13
3 74
17 15
52 62
78 12
61 74
54 20
53 89
22 20
78 16
9 13
63 7
26 5
41 11
52 73
94 36
87 31
94 67
84 43
67 22
19 65
20 53
38 38
86 78
18 84
61 62
70 3
39 97
17 43
46 68
75 44
87 87
65 60
77 44
92 37
79 87
51 67
92 70
69 60
100 78
23 82
56 45
25 78
47 18
88 11
97 51
59 90
72 71
1 74
58 77
56 2
11 40
19 28
73 59
32 71
92 67
96 98
53 83
79 22
82 9
50 91
100 77
97 60
12 20
14 56
35 3
57 40
11 44
83 88
70 100
37 5
77 23
35 51
57 29
45 42
71 17
36 4
69 13
84 15
94 56
96 11
65 74
35 37
89 17
4 43
93 44
29 47
27 36
85 82
90 48
67 10
53 19
96 7
77 79
74 98
74 8
95 6
89 63
31 62
44 29
50 50
62 23
70 38
82 30
50 16
85 74
20 50
63 80
6 82
11 93
54 75
75 98
55 19
10 9
61 74
78 28
85 26
5 86
69 26
29 31
76 89
38 15
56 71
78 62
44 87
67 72
66 54
50 90
4 97
71 100
76 31
64 7
48 46
97 27
30 100
64 82
48 4
70 80
4 2
78 16
42 38
74 52
61 43
62 81
84 92
75 66
10 26
40 10
88 28
13 80
26 43
35 100
16 56
60 46
1 95
8 73
33 59
37 90
55 42
72 11
1 46
28 48
6 9
66 97
88 37
57 21
63 19
44 69
92 17
30 82
45 46
30 92
84 33
69 10
87 14
89 37
39 47
41 12
94 51
38 25
60 98
66 62
63 10
66 19
50 83
65 21
32 87
94 5
57 91
31 71
65 28
20 36
32 18
10 33
78 50
75 12
39 62
32 84
40 77
30 52
99 32
2 16
60 55
26 70
93 28
41 17
48 38
89 3
66 90
17 57
100 75
80 61
10 64
26 88
46 51
24 96
78 12
14 51
40 61
40 99
40 32
74 69
100 10
28 26
96 99
99 62
85 59
38 52
25 85
44 36
75 37
26 19
82 18
79 45
13 78
36 8
60 2
9 33
39 18
27 2
68 57
14 26
88 17
98 52
66 70
54 8
31 42
35 61
24 23
44 76
56 84
69 83
6 13
41 10
43 29
7 18
17 55
93 87
18 35
56 79
99 12
35 71
49 57
99 12
64 28
100 46
11 3
51 34
98 52
24 86
87 43
27 93
26 58
27 56
41 46
68 90
14 41
97 42
73 73
5 62
62 6
36 49
100 81
52 25
72 1
45 36
95 55
8 2
8 23
52 67
9 6
9 89
61 100
29 100
20 46
53 10
74 13
47 78
28 18
53 93
31 7
61 20
64 40
97 16
3 78
2 4
9 10
27 64
90 44
44 99
66 33
68 17
28 55
15 76
84 5
83 63
62 69
84 84
69 23
19 52
37 26
65 90
20 25
1 38
81 20
60 64
23 38
54 75
58 69
19 38
99 29
52 19
30 30
11 83
48 30
8 30
73 80
12 76
51 13
84 24
94 99
96 2
30 99
59 10
76 10
69 10
73 51
57 67
56 83
13 16
85 85
81 86
40 100
85 13
37 65
8 80
57 27
19 82
80 36
32 86
100 92
16 9
58 52
89 8
38 95
93 56
89 50
92 77
3 47
1 25
100 56
15 25
49 58
92 91
32 81
41 8
38 93
24 52
27 20
41 98
73 89
56 86
7 67
23 74
21 80
34 91
40 44
54 76
3 53
16 67
98 61
35 14
34 52
71 58
94 86
54 74
92 64
74 2
74 12
100 4
81 85
46 46
7 9
22 41
93 70
78 46
23 47
65 61
64 50
45 78
94 23
88 9
52 3
4 84
30 36
100 89
93 96
68 93
69 38
17 42
90 64
83 73
68 1
8 99
58 43
76 56
97 90
92 34
29 82
100 79
16 68
44 70
9 55
23 93
59 83
17 38
29 74
80 96
3 78
42 2
96 7
37 59
64 55
41 76
57 5
6 39
39 30
85 53
60 83
13 54
42 7
7 67
3 27
58 48
10 63
28 16
40 78
72 95
86 34
4 14
53 27
78 52
97 93
29 30
18 81
94 85
52 42
34 98
23 79
69 53
63 77
4 39
66 59
15 19
6 63
8 26
78 8
14 58
13 15
17 56
59 19
91 75
64 17
83 55
67 34
67 61
20 95
16 97
19 50
68 40
8 52
70 64
64 28
76 26
17 34
54 34
84 95
13 84
77 5
39 31
49 63
37 86
94 72
92 27
58 98
36 75
77 39
61 53
55 54
64 84
21 9
8 49
73 5
32 2
40 69
80 17
24 91
66 82
18 85
53 38
92 66
6 28
61 58
17 94
62 4
100 83
85 62
52 29
64 8
60 88
77 55
92 48
19 45
82 32
70 36
65 31
74 9
53 87
6 46
23 50
73 26
17 25
91 9
18 69
98 70
83 34
63 90
12 54
56 75
87 1
44 89
10 18
21 74
9 25
38 39
11 72
54 96
27 47
1 99
4 15
36 55
81 30
7 11
18 96
94 47
30 31
80 91
95 11
35 58
69 2
18 84
32 8
33 40
60 88
46 73
19 85
39 90
64 43
29 99
7 82
83 67
27 96
30 99
65 19
77 25
68 5
47 31
65 22
4 24
1 90
65 14
40 36
55 69
27 42
35 99
11 7
61 3
9 98
65 49
26 55
67 62
92 11
54 87
5 23
38 35
97 93
10 74
55 60
71 100
18 29
12 84
5 59
94 70
8 80
77 40
18 17
87 33
97 91
59 87
96 81
94 54
66 28
82 3
77 94
5 99
93 14
82 45
99 22
32 35
15 54
87 68
42 2
35 65
49 75
17 57
88 42
62 36
37 58
37 19
38 78
81 56
6 10
94 51
42 11
37 100
83 61
82 27
19 59
23 54
60 4
87 43
10 38
65 71
53 46
58 2
8 76
95 52
66 84
94 50
8 46
51 1
34 78
72 89
64 28
5 22
61 37
75 58
7 77
25 78
75 46
57 70
12 62
26 78
48 13
52 85
71 15
56 54
98 91
30 46
86 45
15 37
12 58
81 90
24 46
87 87
28 75
39 56
50 96
30 97
50 71
76 7
97 37
93 89
28 59
34 77
74 60
71 20
38 14
17 72
8 66
27 4
68 70
1 96
14 66
36 43
17 98
29 59
83 7
88 55
18 89
26 70
49 46
39 32
98 2
81 97
91 34
52 16
45 28
93 84
61 38
60 58
37 54
20 15
33 20
7 88
6 70
13 74
69 51
45 42
89 41
35 18
91 19
2 41
76 6
89 52
29 21
25 3
58 36
79 76
15 81
14 88
18 75
73 42
75 56
54 85
47 57
2 78
6 75
93 82
1 1
18 49
8 49
59 12
2 43
34 71
62 57
70 28
76 67
27 5
92 26
39 84
51 85
66 97
96 46
47 48
81 98
15 12
81 99
10 46
7 34
33 5
16 60
90 42
72 50
97 85
96 74
88 79
70 90
97 14
25 12
29 2
97 11
24 76
94 32
1 4
2 33
82 50
61 39
23 47
48 10
49 73
28 23
85 50
57 53
54 12
53 28
64 11
77 76
44 92
31 30
94 62
70 96
98 33
60 81
56 1
6 27
20 59
19 99
62 93
96 11
48 5
46 67
58 77
89 60
92 50
21 10
54 51
4 67
11 73
34 18
4 25
100 66
87 62
98 82
10 21
70 10
69 82
31 1
93 64
90 17
58 79
26 19
67 94
25 92
69 36
36 46
100 45
15 14
27 9
95 14
44 54
62 55
89 95
94 85
52 22
12 63
1 19
33 23
42 20
20 91
18 42
95 31
94 95
90 9
95 93
43 58
9 19
14 50
39 57
95 81
35 26
39 87
79 47
48 9
70 30
70 53
5 50
90 82
84 34
53 7
44 44
4 79
83 3
54 37
99 86
36 14
75 28
96 51
43 26
43 91
23 22
13 83
18 41
23 64
79 12
58 91
60 8
50 11
71 76
6 88
41 45
65 11
56 94
45 16
98 13
17 43
1 56
3 9
69 11
15 17
10 57
21 13
7 3
61 26
87 63
17 26
51 16
10 12
30 18
61 67
25 95
91 60
15 34
23 11
60 20
29 20
91 15
87 41
96 70
28 1
88 100
7 3
64 18
52 40
54 78
33 7
60 10
1 26
57 91
38 18
34 49
13 88
87 40
31 49
99 34
42 53
52 39
32 42
81 24
86 100
29 64
4 28
9 93
35 10
3 82
85 61
49 75
9 19
82 100
13 5
46 100
79 76
52 100
34 75
52 86
17 38
99 33
76 92
46 96
71 11
76 42
27 97
82 40
87 92
52 83
96 38
97 62
82 63
68 30
56 36
4 50
8 41
71 89
12 26
5 77
32 64
76 27
70 48
36 13
78 81
44 65
12 97
1 11
35 13
74 70
62 49
56 63
50 43
6 99
46 62
23 13
16 22
49 16
8 84
47 47
37 67
95 54
9 86
31 77
45 3
88 87
23 82
70 97
97 13
8 42
76 9
57 33
38 59
80 64
30 10
14 36
27 69
35 17
92 5
3 47
38 8
69 93
100 31
32 77
89 98
7 3
13 49
88 94
79 86
40 39
98 64
64 57
39 13
35 7
10 48
71 74
61 89
49 86
13 28
94 72
71 37
56 85
35 88
69 92
92 92
17 15
33 7
74 4
41 49
63 68
99 33
21 85
32 27
3 89
51 100
26 70
84 27
39 95
12 72
90 99
24 38
7 68
9 39
29 23
90 85
11 27
60 55
38 87
41 94
38 76
13 68
70 87
80 17
80 44
75 8
50 98
94 40
26 60
33 17
43 36
77 24
75 65
91 44
84 7
32 82
82 4
80 80
73 54
11 96
39 85
80 79
27 56
82 93
5 100
11 95
56 5
100 89
79 62
47 30
21 54
18 35
5 87
75 45
67 70
55 57
1 67
86 5
18 89
21 82
41 2
49 18
59 6
9 82
5 31
92 34
7 74
50 11
73 62
74 18
79 26
94 51
42 62
19 100
5 2
21 49
16 22
93 78
38 78
79 80
33 46
17 17
2 66
4 11
79 10
32 1
28 80
58 7
75 84
54 30
5 48
58 54
62 99
85 44
90 77
20 22
92 70
72 79
44 54
5 27
34 16
27 29
99 78
51 63
47 58
91 51
66 56
40 36
65 49
76 1
24 41
61 63
83 72
38 65
88 71
85 71
18 38
13 6
57 34
59 5
39 6
90 29
28 54
86 15
7 52
10 81
92 45
34 88
21 35
36 95
63 47
21 15
96 28
56 14
15 42
48 13
2 51
9 44
88 6
55 63
10 53
97 21
96 59
47 17
7 98
46 11
76 1
91 24
25 36
65 50
27 39
51 2
69 87
98 43
19 84
15 43
7 77
66 71
55 70
39 10
97 59
3 16
55 92
78 82
22 35
15 23
30 16
41 8
46 62
82 43
4 78
75 18
45 56
14 80
39 58
43 6
98 95
20 72
65 93
84 85
95 61
48 6
74 77
31 60
67 28
28 58
68 88
45 27
97 13
22 53
60 56
19 27
40 63
27 46
53 21
23 91
94 83
88 21
36 56
54 32
39 88
7 61
21 1
98 95
68 78
29 75
100 39
1 8
88 64
98 76
52 54
87 93
66 68
31 82
58 81
86 57
58 86
59 73
43 57
76 42
100 5
74 83
46 45
59 91
47 22
35 60
80 12
29 16
73 15
23 35
1 3
87 84
10 60
63 31
38 86
76 15
76 49
74 9
97 71
54 72
59 85
81 6
31 15
37 18
38 53
68 18
99 48
14 39
94 44
44 85
4 36
20 79
18 29
56 61
22 33
81 2
68 28
68 29
60 19
74 49
59 32
73 70
44 39
85 19
79 26
19 24
62 58
25 54
7 49
70 68
31 89
91 76
36 18
70 85
69 67
61 73
89 54
44 35
82 73
47 66
43 99
18 49
58 98
96 4
50 45
76 13
20 20
1 88
80 27
70 77
63 1
54 88
17 90
82 55
3 97
25 48
73 10
98 9
87 61
80 81
9 42
98 12
28 3
51 36
90 34
48 6
64 48
2 80
28 21
14 44
7 21
76 36
54 7
72 99
68 64
24 90
57 79
56 24
45 69
85 30
87 12
59 42
64 48
92 78
23 10
61 37
99 9
58 37
96 74
54 80
2 37
54 61
86 73
42 54
52 19
40 88
70 64
19 17
51 72
70 2
97 36
3 83
43 80
2 68
49 1
27 31
73 55
96 39
20 70
62 92
90 52
12 20
89 77
22 81
8 67
46 68
73 26
14 71
14 73
85 40
28 42
91 80
82 3
10 29
90 67
79 58
100 86
54 64
86 7
68 34
37 85
50 27
49 13
69 48
89 78
68 58
38 85
41 28
9 54
4 69
63 19
42 47
32 18
73 73
75 4
2 4
55 57
15 63
90 62
32 24
71 76
54 33
48 99
14 20
52 18
86 71
29 65
25 73
27 81
31 30
94 25
96 41
27 8
68 51
20 64
91 53
65 45
6 84
50 46
99 40
53 91
82 76
53 73
23 52
46 56
32 70
97 33
12 62
72 44
94 62
93 88
77 100
45 6
6 78
62 81
63 79
2 84
85 19
91 97
10 33
28 22
45 72
88 83
91 40
52 33
74 83
11 46
88 99
12 23
55 61
44 43
25 23
28 20
58 66
28 8
74 63
92 62
17 92
23 22
17 13
64 74
16 55
73 96
6 19
23 40
60 77
55 75
25 79
40 33
77 85
94 66
33 20
83 27
80 81
100 45
81 44
4 90
59 31
26 80
25 74
60 54
24 75
3 10
42 90
36 28
50 44
67 97
33 44
1 16
73 63
6 15
2 76
61 51
12 91
24 53
70 29
46 29
74 3
51 27
2 59
40 23
23 89
98 90
74 48
7 52
11 23
95 8
45 14
73 25
55 27
29 63
76 86
99 20
97 91
75 92
82 53
48 20
74 78
28 59
56 34
83 90
12 17
71 32
11 9
62 88
3 100
64 25
74 61
63 52
77 26
72 85
90 77
99 27
65 4
51 64
27 6
55 40
53 18
49 45
15 53
12 57
88 30
47 20
8 5
59 85
25 14
42 27
91 43
10 52
99 24
98 74
74 98
30 99
55 68
35 69
42 27
42 98
57 76
61 68
31 35
35 89
5 78
99 63
95 37
56 76
60 94
76 4
70 49
59 84
55 32
11 59
1 74
22 100
40 87
62 95
79 39
70 97
79 81
58 72
52 56
16 75
30 58
1 54
54 57
46 2
73 96
80 4
82 41
71 25
5 76
14 51
67 5
64 88
79 35
99 90
67 75
14 66
15 50
6 13
53 100
79 81
7 29
50 2
10 94
63 56
27 73
64 64
3 52
15 6
72 16
67 16
10 4
8 39
67 74
56 87
43 49
89 62
43 67
92 42
76 82
37 100
22 7
91 91
85 23
74 18
50 59
87 87
39 49
94 76
88 11
43 71
91 28
60 33
23 51
52 38
61 67
67 49
80 22
64 23
77 77
17 17
27 72
88 60
98 56
57 56
98 19
30 67
44 85
93 88
46 99
5 73
68 64
39 79
20 73
37 27
20 37
93 63
80 52
39 27
7 67
17 50
99 97
29 33
24 93
95 78
57 86
13 53
27 69
25 86
56 66
85 3
100 39
11 25
45 42
64 72
74 74
99 45
42 68
62 83
44 13
27 58
8 42
96 38
36 57
13 54
59 47
85 84
74 11
24 40
78 60
78 100
89 60
23 29
98 13
56 67
50 61
93 68
43 11
5 21
71 27
75 8
56 52
43 3
100 80
95 20
90 76
34 43
35 83
26 57
85 20
91 39
92 84
66 41
35 60
63 42
19 14
62 42
15 72
80 75
48 29
24 5
58 11
45 98
30 42
26 23
49 100
97 86
51 62
65 39
50 67
28 81
27 56
8 21
50 62
50 86
34 39
8 25
79 39
11 69
30 86
92 58
42 13
96 20
11 80
47 14
55 69
68 93
20 64
62 23
65 75
47 45
71 83
18 31
61 51
48 20
38 24
65 25
59 92
95 45
73 4
24 72
95 38
25 69
48 28
12 12
89 49
53 42
28 98
12 17
47 22
90 55
14 67
48 23
66 98
35 76
16 48
73 12
93 7
86 66
76 47
59 64
82 95
74 91
40 41
54 98
32 60
68 30
9 12
59 48
13 29
13 70
73 83
66 29
6 14
37 71
67 46
46 29
24 2
3 81
27 85
63 95
67 63
57 11
80 6
19 62
71 14
68 83
71 18
76 84
6 24
1 36
45 15
63 47
67 33
43 14
46 68
14 4
19 63
58 36
34 91
63 55
45 35
56 75
16 41
80 52
20 79
86 40
5 63
54 73
98 32
58 7
30 40
22 38
8 67
40 61
53 47
42 71
68 49
33 10
49 86
4 20
10 30
37 8
88 31
71 21
61 86
84 53
31 94
84 7
16 55
38 16
98 98
87 35
40 39
15 35
63 97
88 83
5 17
36 42
21 50
39 58
13 94
75 3
92 14
75 32
10 20
63 81
46 50
37 14
27 68
15 80
42 6
97 42
69 10
35 31
60 86
49 27
89 59
64 59
50 8
68 72
70 9
73 56
100 79
7 8
61 8
6 11
90 87
13 28
3 8
99 6
82 56
92 35
72 46
74 86
13 96
29 68
19 23
66 75
24 49
52 60
31 1
23 36
64 89
76 46
62 92
75 56
27 91
8 10
40 49
60 97
22 32
6 75
77 48
27 59
15 13
81 95
7 95
100 30
66 31
79 36
83 7
43 15
42 81
57 76
28 30
5 28
68 81
76 22
56 64
23 18
42 15
69 75
93 93
58 17
32 12
31 36
58 27
9 41
84 51
61 88
68 60
10 52
4 95
48 64
55 87
15 39
59 7
22 29
17 98
65 76
29 4
33 4
87 82
39 29
60 50
46 100
100 37
97 92
71 51
31 36
70 30
28 16
87 27
63 34
93 40
20 76
47 10
44 3
86 50
92 86
72 79
19 70
83 38
25 100
72 50
41 92
58 8
95 10
13 93
95 56
58 98
31 21
21 53
44 71
63 28
95 39
24 92
59 85
98 87
95 99
8 77
94 22
7 93
75 48
82 4
75 4
27 17
1 73
96 82
60 46
26 63
29 5
53 34
96 4
84 23
53 99
84 97
43 23
67 68
62 6
76 56
93 30
6 30
91 32
34 23
56 40
16 72
31 28
99 74
29 81
29 47
6 80
77 8
5 53
73 62
32 41
25 75
63 47
35 4
59 52
38 9
22 2
76 48
70 40
34 23
62 90
62 39
66 4
35 49
44 80
42 5
55 85
19 46
15 61
13 32
13 90
61 95
94 19
5 93
77 87
13 75
74 86
22 38
34 100
91 9
49 65
19 67
10 62
9 91
88 15
73 74
33 21
8 15
46 82
90 13
62 65
59 82
47 67
33 34
75 21
86 43
18 93
76 7
100 75
72 96
56 48
35 71
100 44
3 70
76 64
28 68
90 36
31 87
82 95
36 40
42 33
4 52
7 16
62 54
60 72
54 75
81 29
62 83
42 46
98 6
82 83
85 30
44 88
87 85
97 99
44 55
74 37
80 27
55 1
56 60
48 11
2 99
95 23
34 66
84 76
78 76
59 60
36 23
28 86
33 30
45 32
32 93
50 2
62 61
80 28
97 94
39 37
98 42
45 44
8 95
49 15
90 55
58 45
63 3
63 63
67 51
13 67
44 10
73 92
74 56
62 7
51 77
99 64
69 46
3 49
45 34
44 14
41 56
52 78
76 52
16 42
77 20
7 45
70 90
69 50
93 9
7 53
70 20
64 57
59 17
10 86
32 27
37 58
19 15
65 67
5 88
59 53
80 82
63 39
77 43
58 70
44 59
21 77
79 40
47 4
100 65
4 78
31 89
41 25
8 100
100 51
43 54
75 31
50 96
71 53
73 53
58 81
44 45
11 50
97 24
67 47
20 78
32 19
43 21
54 40
59 3
55 37
20 93
62 59
29 33
1 37
76 93
67 52
49 76
76 29
75 80
10 27
30 35
100 29
48 1
25 17
9 21
32 57
59 64
94 32
19 34
17 42
72 18
5 61
3 99
25 42
47 49
65 74
29 38
94 45
61 57
77 100
13 14
98 12
58 93
56 48
65 86
96 7
32 99
92 35
84 61
64 81
97 38
80 62
91 71
34 79
69 10
40 79
10 12
80 29
38 90
13 15
42 55
88 43
68 40
44 8
76 68
69 56
63 72
66 30
23 63
70 65
31 62
56 57
44 86
97 68
79 30
80 83
82 64
19 19
36 10
59 89
40 52
33 35
63 4
82 61
61 71
70 89
65 82
90 80
68 48
69 25
33 20
87 12
20 31
71 64
29 95
66 36
49 53
79 13
41 33
47 67
91 91
60 55
10 89
43 93
28 29
14 74
52 60
5 10
47 84
88 25
13 34
54 8
87 25
92 41
24 92
71 67
44 98
31 93
93 58
80 35
39 99
92 78
75 49
18 67
9 14
24 3
13 22
44 73
88 45
26 18
71 20
13 37
66 30
32 27
5 4
59 93
82 18
59 38
91 100
26 56
78 76
97 87
81 62
50 86
55 35
22 85
49 8
91 88
91 32
80 33
43 24
28 66
77 97
79 80
4 39
86 12
21 43
3 85
72 90
24 9
48 40
44 98
23 37
7 93
67 83
91 24
25 66
48 97
7 96
35 60
47 75
57 11
68 78
6 84
40 98
65 38
97 62
5 32
86 62
20 70
50 92
3 94
71 35
27 18
50 3
59 9
84 38
95 31
65 47
14 56
92 43
19 6
23 29
23 72
3 97
2 12
39 85
100 68
99 60
84 26
26 12
97 57
9 64
11 41
86 90
62 1
11 90
40 55
34 39
23 79
94 3
7 15
51 77
61 31
36 21
11 80
88 30
31 31
7 27
90 3
49 99
49 28
88 80
88 22
62 99
77 8
35 51
2 56
20 63
17 52
4 25
36 10
28 55
40 45
31 75
10 13
12 24
31 19
53 35
12 50
79 63
38 66
91 91
79 94
32 53
78 21
31 70
5 89
67 6
53 50
9 21
8 66
34 53
48 29
12 56
82 68
52 85
25 6
31 41
63 30
36 64
10 99
70 37
45 61
70 93
82 99
79 88
73 91
97 65
91 81
97 87
14 24
29 100
22 58
29 49
25 25
60 92
44 98
48 71
21 10
78 13
15 66
52 68
94 17
31 52
22 27
32 71
11 56
34 96
87 68
19 60
90 87
33 34
92 54
88 80
63 73
64 82
24 83
60 71
85 86
69 69
96 27
43 16
94 97
73 6
51 25
40 86
72 49
40 83
14 95
61 90
54 15
19 51
29 94
54 85
55 48
88 40
63 97
36 22
16 50
71 34
14 61
39 18
36 59
4 60
10 68
16 12
82 86
62 63
31 6
89 41
79 5
64 65
59 80
20 7
98 31
11 20
53 32
5 10
11 8
86 44
61 1
57 9
38 49
33 1
39 21
56 63
66 5
69 10
95 7
53 27
12 74
72 85
13 63
56 63
13 35
25 55
96 60
69 88
96 9
61 66
69 17
74 61
59 64
10 51
56 68
84 11
41 61
97 94
11 72
35 94
70 84
92 56
45 38
65 75
78 43
52 57
59 81
7 47
14 63
48 99
10 10
86 78
11 28
86 30
78 36
93 34
66 65
74 88
44 89
12 63
93 24
4 7
86 70
70 23
67 20
5 83
15 19
74 24
73 43
67 83
33 44
65 57
63 88
76 48
40 56
65 38
37 42
21 18
42 87
26 37
9 31
10 4
92 54
86 70
57 16
93 8
1 17
2 17
5 78
7 49
47 80
61 48
60 14
8 46
61 11
18 54
54 68
70 73
52 90
62 2
3 47
38 69
91 83
38 94
43 3
13 25
64 38
14 97
50 10
11 6
22 4
99 88
99 100
99 55
21 68
64 35
17 71
29 82
5 14
26 61
76 51
42 91
65 89
84 33
42 7
72 13
87 82
55 18
67 45
99 42
69 52
49 33
7 25
62 75
92 88
66 41
59 95
89 8
95 3
74 31
81 30
74 25
14 63
53 90
21 18
60 21
3 11
35 3
23 86
15 61
32 15
86 80
67 10
81 28
71 12
13 71
95 31
91 56
13 10
51 42
74 31
10 61
98 39
73 11
10 61
28 5
69 16
8 39
45 35
81 39
94 60
4 39
11 11
19 25
37 91
42 33
11 66
81 89
40 17
4 86
89 38
94 81
7 82
44 69
58 17
25 14
82 93
57 5
34 49
94 44
24 22
77 8
93 41
71 98
67 57
67 52
65 65
13 96
18 7
96 65
47 41
28 41
34 54
67 67
31 100
29 17
71 99
97 43
48 23
60 46
62 56
45 75
73 83
97 23
3 22
86 76
66 22
36 46
13 66
21 10
54 44
94 25
70 9
79 22
100 30
80 28
34 6
50 63
7 58
25 45
61 49
47 98
33 36
70 55
75 14
27 29
19 4
52 86
69 39
53 24
41 18
11 52
14 68
74 4
81 59
23 96
58 69
56 43
3 39
97 96
2 97
88 10
36 82
29 72
43 83
21 15
89 49
28 28
57 49
5 55
32 99
81 73
31 76
3 52
12 75
25 40
29 17
52 96
1 90
57 66
43 7
96 81
85 27
6 42
25 69
42 76
31 86
77 27
46 15
42 2
2 41
69 78
1 67
49 75
90 70
74 1
65 65
45 81
7 53
5 93
81 4
83 58
4 36
68 21
62 64
5 10
30 74
17 35
26 5
57 37
79 10
80 37
89 50
70 20
3 85
30 52
81 84
2 54
61 27
93 88
55 42
16 57
84 98
48 43
100 69
9 8
58 40
78 12
59 55
91 91
54 100
2 97
67 55
62 76
87 65
5 26
13 47
76 83
83 16
80 2
35 17
77 33
78 75
58 60
11 39
73 8
41 15
94 100
90 49
69 28
9 68
12 67
80 5
93 41
15 66
9 100
53 10
74 53
16 23
35 90
87 96
83 12
48 78
95 100
47 8
42 54
65 52
7 74
92 93
25 26
35 91
51 51
60 16
23 1
13 70
100 85
14 60
45 23
96 96
42 63
54 93
29 99
99 26
20 30
36 12
32 77
83 37
55 95
51 94
85 99
35 22
84 67
17 44
49 94
45 71
11 78
3 10
54 98
25 5
99 50
26 4
68 59
67 5
41 37
13 58
25 16
59 32
46 68
39 63
81 23
80 10
89 53
41 89
77 24
28 41
8 97
12 88
46 27
45 10
45 50
97 28
33 83
73 78
39 87
77 79
36 46
10 5
78 96
75 16
42 92
90 36
33 69
73 77
56 42
20 5
64 76
55 31
90 80
13 57
44 76
37 30
99 5
52 98
52 23
46 93
9 41
27 42
65 23
40 23
2 84
74 39
1 72
71 39
11 67
29 70
10 89
100 35
56 14
54 25
99 85
73 90
4 7
10 13
96 97
55 82
87 31
19 85
9 87
75 19
24 13
12 62
4 87
65 52
73 78
94 77
24 68
44 12
48 87
85 41
35 33
60 89
95 77
73 87
51 5
8 80
86 62
23 85
27 18
92 19
48 92
2 57
50 72
7 57
1 51
77 58
83 75
50 88
64 95
7 30
95 8
11 62
83 24
16 55
18 19
49 66
67 6
81 32
26 82
80 27
18 15
51 80
4 19
78 74
51 55
30 75
28 31
26 76
38 92
46 36
14 25
87 28
36 92
78 75
1 57
7 6
35 91
93 99
77 35
65 57
87 16
21 56
98 87
22 8
58 26
45 69
27 96
16 84
96 18
23 32
21 37
85 30
88 36
2 99
44 60
40 33
81 70
3 79
80 6
28 2
96 42
7 100
15 61
40 93
95 42
31 94
1 10
37 19
21 94
45 77
30 96
87 71
24 35
78 42
63 97
86 29
75 6
67 94
58 80
80 52
9 69
59 48
85 19
51 18
73 25
98 95
74 80
7 5
7 99
50 76
50 83
7 37
79 82
3 51
79 23
78 86
40 18
14 80
46 70
87 58
90 59
89 32
27 72
74 32
81 42
84 4
86 34
70 95
19 83
11 66
23 28
72 10
89 37
39 67
26 9
54 75
52 26
61 82
44 14
33 77
4 74
61 9
37 53
59 17
99 86
7 31
67 12
81 88
78 16
36 97
70 38
27 34
48 96
45 10
34 39
8 35
80 25
63 57
81 85
86 38
73 94
45 48
46 60
79 34
47 34
86 53
37 87
93 65
70 15
56 84
35 57
74 23
70 87
64 97
48 49
59 71
78 21
63 25
64 26
8 72
48 23
97 24
62 83
63 79
58 63
87 42
56 99
36 82
48 35
44 13
28 52
63 82
30 56
6 72
1 74
53 53
17 1
30 16
89 42
51 43
82 18
8 69
10 84
41 81
47 12
48 21
6 27
87 9
22 11
5 66
98 81
49 20
46 46
88 84
90 47
89 12
78 73
45 11
97 45
23 16
60 53
98 70
9 68
5 83
19 93
40 94
94 99
62 91
52 26
30 68
6 61
9 98
73 33
45 78
30 21
43 72
91 32
22 84
32 45
37 71
87 4
9 64
61 38
3 25
58 19
93 97
61 17
25 99
53 1
74 4
68 85
89 18
76 3
40 63
84 57
45 42
66 78
92 56
16 31
67 29
88 39
21 64
11 41
25 92
37 83
65 62
4 55
65 6
17 97
34 99
15 68
7 97
46 1
18 32
37 45
38 100
47 59
89 51
95 79
36 40
77 40
60 85
76 35
87 52
77 45
68 59
50 66
12 73
97 29
19 53
4 5
53 74
5 97
2 28
89 58
43 18
36 81
32 27
52 38
34 88
35 81
43 46
13 14
86 85
59 3
84 30
12 25
19 79
10 66
5 14
78 52
64 19
77 74
24 54
69 56
86 73
21 84
15 82
93 36
56 4
17 72
58 16
29 84
99 3
54 63
98 42
19 58
6 41
41 4
71 36
75 52
65 78
54 65
67 29
90 34
91 85
27 36
26 90
58 81
21 4
81 40
10 95
17 97
70 37
84 5
59 70
97 20
53 44
82 21
82 52
89 99
34 67
84 78
41 9
17 34
46 88
21 66
62 13
40 61
46 81
88 88
27 25
30 44
98 86
5 51
45 77
75 35
31 87
75 74
8 3
49 39
48 73
33 87
19 82
79 59
84 38
19 38
63 29
19 47
42 60
6 67
14 62
54 81
93 72
100 82
24 52
89 67
80 95
61 73
44 70
47 56
69 38
74 54
80 28
35 1
12 68
38 76
42 34
11 42
58 81
81 10
77 42
98 97
10 45
85 41
62 80
69 29
50 65
5 18
70 38
23 69
63 46
28 29
93 42
3 46
78 42
97 14
4 81
51 14
77 82
57 10
17 53
79 39
52 67
78 21
73 67
83 41
85 14
83 12
78 90
86 83
61 90
52 11
46 53
13 26
75 93
42 76
48 82
36 24
45 12
8 3
3 41
87 54
66 97
37 49
82 100
34 45
72 50
25 53
87 14
91 7
85 68
75 77
45 2
84 15
75 90
25 29
70 84
43 41
60 82
92 87
6 10
22 42
4 72
92 22
3 46
35 38
100 89
76 49
49 89
43 51
97 34
66 73
20 52
75 55
87 78
100 73
42 41
41 70
49 96
59 61
73 80
7 53
71 80
32 84
67 87
67 33
41 93
46 37
85 56
71 70
85 9
20 67
23 31
63 21
98 38
70 3
56 34
100 58
92 80
71 77
87 66
93 33
77 82
21 1
48 23
38 82
71 58
76 46
12 61
68 49
10 77
61 35
1 32
85 34
92 17
29 79
74 64
24 43
99 68
72 41
12 67
22 15
93 69
70 57
25 85
99 83
37 70
37 32
52 79
26 17
34 42
93 86
2 34
11 60
3 44
4 46
57 74
96 76
20 31
14 58
54 34
47 44
55 22
13 81
65 52
89 81
86 73
21 97
87 62
26 36
3 98
91 94
19 69
86 15
93 27
67 27
34 99
59 39
46 64
1 83
82 45
56 31
57 8
36 18
72 30
88 82
59 77
30 6
89 86
89 84
69 23
3 3
40 83
18 42
88 84
41 54
95 67
93 35
22 92
85 83
91 85
2 8
83 12
36 33
11 56
96 71
1 89
55 63
15 67
70 100
97 61
89 92
33 42
20 84
90 7
34 42
54 53
64 43
99 42
82 57
42 90
75 37
10 68
65 7
59 12
65 24
52 85
56 51
69 56
26 71
85 56
63 74
83 1
35 3
31 19
42 69
17 54
70 8
63 57
100 21
96 77
53 14
3 42
98 70
62 9
29 39
53 97
49 24
4 40
2 96
52 8
63 85
100 14
82 78
50 50
69 94
46 49
55 14
34 83
26 36
25 24
92 16
26 28
40 82
17 81
93 37
100 90
100 18
91 31
78 33
95 3
14 38
9 14
64 22
87 69
24 23
87 71
23 40
61 85
46 47
61 55
86 63
59 69
97 45
1 65
59 7
92 91
44 92
67 69
47 25
31 86
10 14
16 28
33 22
28 50
25 24
93 82
24 65
4 40
89 74
12 60
19 68
50 13
47 26
35 88
27 96
85 19
69 48
92 82
42 14
69 15
71 70
1 60
57 3
41 2
51 77
63 16
45 49
57 71
43 54
26 39
4 80
86 98
87 12
43 29
22 10
13 71
26 10
3 55
14 79
77 67
46 9
40 14
44 90
65 3
8 40
32 92
76 27
32 87
93 26
47 41
33 24
47 84
99 54
99 31
11 39
66 29
21 19
18 8
89 57
70 20
5 35
63 40
18 23
42 97
6 69
63 80
79 87
37 12
19 76
64 78
34 11
85 100
40 13
90 93
54 41
78 23
69 3
28 16
70 17
11 10
86 73
61 1
74 22
75 56
100 14
59 77
72 13
10 12
61 97
98 47
5 24
94 52
65 70
51 50
5 1
89 87
78 47
33 14
77 82
96 62
55 28
59 32
93 29
70 16
42 96
64 46
96 33
86 90
37 43
64 62
56 74
63 5
13 56
3 89
72 40
2 72
48 83
67 97
96 27
42 31
79 80
96 12
58 19
53 9
16 75
82 23
63 6
57 69
64 34
57 28
79 99
39 81
1 95
47 63
16 24
98 66
53 31
60 37
10 80
40 63
47 25
58 62
41 41
79 36
12 89
98 81
60 14
20 9
47 8
34 8
38 70
41 41
33 23
69 70
84 83
5 72
63 26
23 27
38 5
89 85
26 30
81 63
97 41
48 42
77 25
22 19
76 29
90 90
80 62
16 31
55 44
38 78
30 45
83 80
70 40
4 1
40 66
89 90
17 52
47 56
13 13
25 58
82 68
17 22
49 98
31 20
20 56
96 13
39 5
52 11
1 20
90 27
56 81
52 23
48 36
93 2
47 84
16 3
3 31
35 5
4 70
20 58
75 4
45 69
47 43
47 72
71 31
21 22
81 15
69 39
71 14
13 90
31 31
62 32
42 93
65 3
32 46
79 76
52 96
27 70
78 72
35 51
25 32
11 37
29 47
44 28
79 71
56 82
9 18
34 73
98 25
8 53
5 96
92 78
53 33
17 33
59 90
66 45
15 41
64 72
16 30
97 98
61 69
59 62
13 35
60 14
67 92
60 35
37 17
4 80
4 49
2 22
17 40
15 38
100 40
25 39
41 58
99 8
54 81
33 19
13 51
63 96
16 91
92 61
78 15
8 48
18 37
88 37
68 55
89 97
61 45
74 47
45 2
100 6
71 90
26 1
42 55
46 22
48 27
83 22
41 37
86 75
90 96
97 75
22 75
75 30
10 38
35 61
99 32
90 43
19 70
37 19
72 81
45 26
66 78
21 32
60 72
71 64
27 30
7 54
35 30
31 57
23 48
26 52
83 19
66 17
20 73
69 81
93 68
32 91
89 95
57 89
91 40
90 89
4 47
76 100
89 51
71 41
40 78
36 13
34 14
89 80
17 9
84 28
42 71
55 15
89 14
36 32
22 39
91 25
11 22
49 84
76 79
39 87
21 73
60 46
84 11
100 100
97 60
72 56
37 90
76 79
76 74
84 34
93 39
34 63
46 47
92 95
81 91
35 62
14 4
46 34
37 23
66 38
84 61
18 30
40 24
27 13
62 29
77 15
68 12
37 38
69 44
74 53
39 22
74 78
94 74
32 59
9 27
70 34
86 25
39 51
73 78
96 42
74 91
55 56
68 30
69 43
32 84
20 23
50 64
93 4
49 97
2 49
2 59
12 13
1 84
39 96
81 71
83 24
54 42
83 72
97 39
3 26
90 10
29 77
48 23
4 30
46 11
94 56
30 38
44 92
39 98
35 5
87 9
1 87
16 50
5 93
50 24
4 27
21 89
55 79
20 79
25 17
50 88
91 72
33 26
80 56
61 24
26 14
65 20
70 49
85 70
79 16
92 63
82 32
95 60
16 29
78 48
23 85
95 38
98 80
51 25
76 13
24 97
2 88
46 68
74 50
9 12
78 84
54 43
87 35
74 86
72 9
67 62
57 36
10 38
20 71
30 77
54 4
41 34
18 75
46 55
54 98
40 54
54 13
27 7
24 56
22 76
64 58
33 83
80 71
6 30
100 5
56 88
39 38
95 38
73 2
100 61
99 51
76 97
96 98
93 31
30 89
24 83
44 28
96 48
13 39
39 1
92 43
22 15
82 100
65 76
23 44
3 52
86 54
32 87
49 7
14 42
38 72
96 74
66 57
50 16
83 23
24 30
41 65
67 25
51 19
24 20
76 41
92 66
73 27
78 76
64 42
47 31
84 5
33 97
6 90
73 90
53 21
80 100
47 64
23 91
22 7
17 82
25 83
95 71
34 20
55 45
47 23
33 39
30 13
72 64
44 20
81 27
16 12
13 73
38 58
35 95
99 40
61 34
84 61
55 30
98 43
62 77
42 33
98 82
43 74
55 51
86 1
47 91
35 28
53 96
55 71
66 87
11 76
60 37
59 90
89 35
84 2
10 70
100 17
65 73
52 13
43 68
91 52
24 66
81 46
98 24
65 9
24 70
39 80
82 17
95 89
13 8
89 7
82 92
64 24
51 56
84 92
81 15
15 70
57 38
14 88
71 54
81 27
20 11
40 33
3 90
44 87
30 45
100 39
42 67
100 96
96 54
95 42
86 46
94 83
45 7
44 78
18 51
44 56
4 64
63 10
9 30
95 84
9 40
32 32
82 41
40 62
72 78
11 52
5 61
77 1
31 44
80 66
9 89
66 97
10 15
60 70
51 32
52 75
71 89
27 59
38 75
88 27
96 34
18 64
23 87
85 79
83 73
7 25
6 88
19 13
22 87
85 31
56 20
59 86
10 53
44 93
14 74
10 94
32 99
90 99
80 6
38 75
20 82
67 52
81 89
91 57
37 70
84 95
22 40
75 44
41 22
28 29
2 47
83 32
63 46
53 23
58 22
66 84
94 5
44 30
37 34
36 79
7 61
45 12
57 28
19 16
17 34
47 34
83 5
38 63
36 21
97 28
17 42
72 82
41 87
72 7
42 97
15 80
25 31
36 58
18 83
68 58
84 4
55 48
4 80
21 51
13 19
99 11
77 100
68 14
75 73
73 4
2 58
64 80
33 100
95 82
84 24
59 91
82 56
38 99
28 13
29 19
53 64
34 25
20 4
83 81
2 44
79 31
20 91
67 98
43 100
60 98
89 49
57 18
69 77
67 10
17 2
72 68
88 63
26 59
7 78
87 86
37 25
13 94
51 4
84 45
50 27
24 59
29 68
57 52
30 31
52 82
9 42
100 61
4 61
51 68
100 82
18 77
39 24
7 88
7 7
57 57
40 57
61 18
66 89
56 97
30 60
52 2
31 29
59 97
37 37
64 49
47 44
84 5
78 59
23 7
92 45
95 23
74 26
22 65
51 75
59 41
21 66
69 8
77 28
52 75
54 1
90 82
24 16
51 41
65 96
98 41
72 75
71 42
64 47
34 92
69 44
25 43
14 36
57 6
73 73
2 85
50 98
54 83
51 65
50 99
19 74
51 22
58 88
55 6
13 42
64 69
30 32
19 2
17 13
69 91
22 28
82 73
43 47
50 43
60 38
61 23
87 81
68 85
79 89
77 13
18 22
97 62
73 88
39 75
8 30
87 4
91 55
64 2
45 43
45 25
55 58
60 4
53 92
100 13
24 63
83 31
18 46
38 96
47 70
74 6
12 98
92 4
4 31
63 21
7 91
93 93
40 46
25 93
59 39
7 64
69 48
96 7
16 91
19 38
41 24
72 67
51 5
76 59
33 73
61 79
81 54
58 31
83 20
68 85
1 95
62 28
71 64
90 66
17 7
68 50
3 32
26 20
85 44
1 7
37 52
58 50
6 57
63 22
97 29
21 15
34 33
55 79
72 54
72 67
73 85
7 95
75 39
58 73
67 51
80 48
84 24
76 77
41 82
84 51
74 88
72 80
37 89
24 41
58 27
34 12
38 76
34 74
70 88
18 23
36 36
1 30
20 12
73 31
92 85
27 56
38 11
2 47
65 18
74 91
25 20
40 28
34 45
82 27
93 17
56 69
26 56
85 4
74 82
83 83
95 46
99 25
2 56
84 22
61 15
51 4
40 38
39 44
45 84
43 50
48 63
10 22
25 42
56 44
53 94
22 79
77 43
79 12
31 18
39 50
25 84
52 55
16 92
14 43
34 34
71 16
24 26
13 35
29 36
100 78
60 93
9 64
89 12
98 41
2 48
88 84
73 73
31 7
73 17
34 14
13 73
79 30
56 80
84 20
49 86
99 36
39 43
51 91
68 60
4 22
20 45
85 44
36 65
19 25
78 99
98 8
35 18
93 54
67 1
78 16
23 41
57 78
5 7
88 84
37 16
31 7
67 24
21 5
27 66
69 56
72 80
6 88
19 33
55 89
80 54
15 74
33 45
52 82
45 100
92 72
3 69
63 21
68 83
75 79
79 34
14 12
84 21
50 4
60 33
46 56
45 24
73 84
81 69
9 94
20 60
99 92
72 13
52 88
2 76
97 65
63 48
7 59
86 63
87 4
39 5
5 15
100 40
81 79
61 26
84 60
50 99
96 58
42 26
69 50
71 59
14 56
85 66
73 98
66 11
70 36
60 71
72 2
96 1
67 67
77 77
62 45
40 91
82 65
61 64
36 36
96 15
56 14
94 64
53 71
61 39
63 69
34 88
57 13
53 14
94 20
56 6
49 33
94 84
95 29
91 1
20 48
80 78
34 20
9 58
5 94
48 53
71 56
31 76
91 6
4 35
11 55
52 23
32 69
62 77
14 93
5 69
8 59
28 37
48 72
22 25
84 43
10 24
70 78
61 58
97 51
90 11
45 28
85 12
5 73
25 39
34 8
94 99
66 65
63 26
40 2
3 72
25 91
73 50
3 45
81 52
73 90
30 34
67 69
46 21
71 62
96 64
71 89
75 49
91 15
71 74
1 65
49 21
19 2
31 58
75 31
64 80
88 35
79 48
58 12
4 7
84 61
44 94
51 16
28 38
11 97
100 41
82 64
72 59
14 99
2 78
32 16
69 28
100 20
37 68
84 76
11 78
87 59
21 98
38 80
82 8
86 21
47 17
15 75
97 80
38 32
91 71
39 59
14 7
49 53
29 9
5 12
45 19
29 90
29 48
97 34
25 3
93 53
86 74
22 86
92 90
38 67
96 94
1 74
56 38
46 58
78 46
37 76
42 42
96 39
31 69
9 90
83 42
77 73
39 77
27 19
49 55
52 85
43 91
57 32
92 11
53 22
6 51
84 51
7 66
48 82
49 56
25 78
85 8
97 92
89 7
56 29
93 7
18 88
92 12
29 69
40 85
72 5
81 40
41 43
21 4
54 35
21 39
1 13
60 10
77 85
10 58
99 68
22 44
84 30
96 24
3 99
78 6
77 28
56 37
39 5
26 87
96 74
72 88
54 67
71 71
100 65
61 91
50 1
13 38
93 75
100 5
55 44
23 65
60 59
96 33
14 69
63 65
67 74
71 77
52 4
79 11
11 50
32 9
66 100
83 14
14 11
100 75
12 91
8 53
93 21
100 39
33 86
93 24
17 92
64 21
83 67
27 37
51 22
38 5
90 80
20 84
97 79
12 69
18 70
41 59
31 4
79 95
76 19
85 68
62 75
2 33
38 62
8 33
51 43
5 90
31 5
18 57
19 90
9 53
46 62
13 12
77 28
68 21
7 82
35 26
46 75
70 8
48 23
43 70
38 95
20 91
50 79
43 70
37 24
75 81
35 72
61 93
3 40
45 5
39 76
5 58
42 48
25 92
8 48
10 70
65 7
80 78
2 44
79 6
88 49
93 4
90 36
52 53
75 86
8 42
57 96
6 67
52 55
43 60
84 97
68 12
84 87
85 42
79 65
35 89
57 13
76 40
82 99
84 35
41 63
61 62
98 89
31 66
42 67
30 14
10 71
81 80
95 95
78 11
63 46
60 49
66 28
9 65
71 81
23 93
78 73
89 94
78 38
65 100
72 43
8 11
6 99
2 55
17 92
66 4
51 20
57 88
15 16
12 40
75 77
100 77
82 8
41 86
100 48
93 37
38 30
95 95
57 75
27 60
57 59
47 60
16 40
45 65
51 99
61 92
4 41
58 89
82 93
17 17
36 55
28 35
71 46
16 9
42 42
98 64
41 55
50 82
62 39
51 90
58 57
14 67
92 26
64 46
98 81
73 61
53 86
41 59
27 83
82 34
94 69
35 4
29 30
21 88
59 25
90 14
19 53
77 74
47 1
72 10
27 2
15 21
96 70
93 9
32 95
8 31
91 22
61 38
27 83
88 11
21 32
17 5
76 30
22 16
33 90
17 68
81 84
36 35
2 71
10 43
9 9
82 36
94 21
73 25
43 35
4 34
90 55
43 36
7 21
32 26
1 8
89 52
31 30
71 44
92 28
99 89
43 86
65 37
78 39
9 31
97 8
11 4
12 3
42 22
32 11
39 17
24 10
33 54
18 73
99 54
86 47
79 42
49 71
69 86
34 86
62 63
68 36
77 32
89 53
37 53
63 56
2 91
83 90
53 3
20 93
80 25
22 64
51 44
100 67
80 96
8 11
94 61
98 83
89 33
58 45
29 12
84 67
39 46
44 6
79 91
42 32
53 10
66 10
95 71
57 57
58 85
76 33
60 44
94 54
82 63
21 13
81 58
89 6
75 34
55 9
53 37
91 13
80 65
24 57
8 9
88 63
84 28
94 77
23 70
33 14
46 89
20 16
71 96
77 37
55 69
5 56
64 5
1 16
43 86
17 46
5 50
43 20
79 92
59 75
69 33
28 91
9 96
40 77
41 5
32 5
92 86
52 60
4 29
63 84
38 9
54 98
29 12
68 22
35 16
69 54
98 34
60 45
54 94
90 63
57 41
65 35
55 70
63 80
23 32
10 32
58 35
91 82
29 55
21 18
3 57
55 100
8 99
42 32
92 64
11 8
47 52
39 93
6 38
79 61
15 96
38 16
68 15
89 4
97 92
6 37
53 13
90 78
3 59
50 59
1 65
83 50
98 77
68 73
87 76
64 98
92 82
41 78
42 54
71 48
75 98
96 4
40 30
7 57
22 32
73 32
57 68
97 78
25 6
7 12
70 42
82 74
68 52
51 67
77 45
52 56
62 34
28 57
38 46
32 37
25 47
85 14
82 49
7 23
17 94
79 82
40 75
76 15
90 11
62 35
24 65
70 18
23 37
46 1
11 82
98 44
84 49
62 71
77 55
75 77
92 81
39 71
43 94
58 39
65 85
76 59
10 7
43 87
7 6
50 2
75 3
34 10
70 43
33 76
84 23
36 49
73 7
6 84
30 55
52 5
78 83
77 97
60 9
17 7
18 1
20 20
88 59
59 68
78 42
14 33
13 51
8 91
73 34
50 56
11 88
34 7
84 26
81 23
58 93
9 37
13 95
94 85
59 84
60 92
6 41
41 99
11 100
98 47
88 94
23 33
5 64
74 31
59 10
78 79
61 84
16 85
23 80
88 13
73 97
37 96
51 27
64 13
13 68
49 89
90 54
32 27
92 63
42 92
69 58
10 12
33 44
35 55
12 81
63 27
100 65
29 3
69 4
60 96
27 89
62 95
12 89
85 79
33 59
80 71
92 36
97 54
32 80
11 49
41 58
35 24
2 78
59 3
16 61
48 27
17 9
92 77
72 99
57 53
79 65
48 47
6 21
94 63
52 32
92 90
20 92
11 93
46 67
60 17
46 99
39 7
90 64
12 22
99 66
94 40
31 60
48 70
17 18
34 78
49 62
30 26
26 78
12 40
63 100
65 10
22 57
39 62
52 97
78 22
69 31
67 39
65 22
38 19
31 49
63 59
93 94
14 47
77 72
94 40
41 22
63 5
9 68
3 10
55 73
76 34
27 22
58 93
29 86
86 68
90 12
25 30
4 49
92 43
51 47
20 2
13 51
5 51
14 91
12 19
70 8
37 73
8 2
96 41
98 39
60 99
15 73
2 34
48 89
99 61
33 69
13 70
99 49
28 66
43 21
63 6
3 34
63 69
69 27
22 75
85 23
84 22
80 66
92 16
84 49
62 31
6 97
86 93
63 39
58 68
100 85
16 14
67 81
1 40
36 6
3 44
12 58
14 9
93 88
71 58
93 54
69 59
8 21
36 10
60 49
19 49
41 47
100 89
73 46
73 10
55 85
87 6
21 37
30 68
63 81
47 62
97 29
96 19
17 97
40 87
67 64
79 97
47 11
85 3
30 31
82 34
96 94
89 78
66 66
92 95
51 63
88 87
37 43
36 76
55 37
46 1
72 65
80 52
73 60
34 47
75 74
80 55
38 28
12 16
