1000 2000
99 62
30 51
83 39
4 95
46 26
22 64
62 79
40 65
45 29
68 65
75 80
94 15
38 75
94 75
8 53
98 19
46 33
12 33
71 71
56 93
81 70
26 64
42 13
72 96
25 91
29 65
69 47
91 66
14 62
39 3
7 79
61 99
64 66
97 96
9 7
83 57
17 33
94 38
14 30
4 99
46 54
3 6
85 58
95 35
65 100
74 16
53 62
25 31
73 29
8 68
64 43
98 7
52 41
51 4
23 46
35 39
80 54
18 44
49 58
90 52
18 93
51 74
20 84
66 48
37 72
35 61
34 43
91 66
19 1
90 23
73 90
21 72
93 46
93 33
8 82
72 81
36 84
95 38
6 100
90 79
36 38
71 7
35 69
8 60
6 18
71 97
30 38
10 21
35 87
45 66
35 83
83 13
1 62
5 66
36 8
54 98
79 53
18 48
5 3
53 73
3 57
83 71
10 87
91 75
55 28
86 96
66 75
6 16
34 41
18 45
61 39
11 2
98 89
60 53
69 61
99 33
75 87
59 7
57 53
32 49
87 73
54 85
67 45
28 23
38 99
50 73
9 79
90 25
98 35
93 69
88 62
77 92
48 27
7 63
58 6
16 46
22 81
26 55
82 74
97 66
62 62
76 46
94 31
100 90
58 27
36 71
66 60
69 1
42 91
70 69
6 8
66 2
26 85
29 96
76 16
81 22
13 50
92 63
20 27
18 57
31 55
2 58
67 16
7 42
61 85
22 47
95 66
53 100
13 13
61 2
59 25
55 78
21 83
29 12
93 93
16 19
99 16
79 7
81 6
84 76
22 70
25 52
33 57
90 43
70 91
76 94
94 14
32 55
19 48
74 60
59 51
20 19
20 23
79 92
7 95
29 23
78 51
99 27
12 35
41 77
92 53
11 32
55 41
31 31
66 22
12 83
54 83
16 48
2 67
5 9
76 19
7 50
30 17
17 18
21 100
42 56
89 29
18 72
2 29
30 41
99 42
93 37
42 21
73 87
2 17
66 68
61 17
83 32
75 42
95 73
43 84
28 9
47 28
35 60
69 62
22 86
34 63
2 41
73 72
18 29
64 40
2 4
6 26
64 90
4 3
12 55
4 72
55 18
13 64
27 43
97 11
27 2
81 2
98 26
56 2
91 70
28 78
43 29
97 15
55 14
87 64
33 60
39 73
57 74
13 90
33 32
68 84
39 79
6 8
54 68
97 83
56 71
74 51
29 70
89 90
9 41
16 91
20 84
87 21
84 56
20 52
44 60
71 34
86 62
42 72
12 67
95 86
36 39
6 38
30 78
47 38
30 91
4 22
61 41
19 59
53 66
19 84
56 45
77 17
46 45
56 56
27 81
47 22
33 16
45 93
11 50
38 100
54 64
20 32
41 28
3 92
41 80
17 71
73 86
63 66
14 60
27 66
78 67
12 2
7 99
73 82
43 50
16 32
1 47
62 4
5 70
12 28
97 63
36 86
82 18
14 31
84 81
67 5
97 39
59 57
81 1
33 2
8 38
96 54
39 97
28 93
22 20
69 82
65 68
77 44
42 40
27 100
26 53
64 2
31 70
76 80
23 10
74 46
55 73
62 92
13 35
64 35
98 15
37 90
97 48
6 11
11 97
51 63
84 89
4 33
60 5
45 68
97 27
31 29
84 98
83 47
76 97
1 54
71 15
10 68
79 69
25 24
78 22
20 23
61 58
76 74
79 87
71 57
48 41
96 12
23 50
80 9
20 28
74 89
48 9
84 35
23 19
97 14
25 19
43 8
75 13
48 94
24 46
99 94
48 62
17 21
89 56
12 77
70 30
14 9
31 33
36 97
32 20
7 51
13 58
71 43
78 7
3 23
10 81
13 74
39 29
96 44
86 31
25 98
36 46
4 22
40 21
37 71
84 49
47 86
7 29
23 11
96 71
25 76
4 8
96 29
52 100
66 50
24 72
27 42
85 63
47 6
89 63
30 38
90 65
93 90
52 41
33 31
8 11
2 60
93 4
22 68
8 22
63 35
59 81
21 2
94 70
56 48
88 87
9 9
79 34
24 63
39 52
19 36
4 57
56 59
98 74
84 83
9 51
68 69
84 96
72 16
63 14
22 58
97 54
17 90
29 44
3 57
7 65
77 28
10 73
24 21
63 65
63 88
88 40
88 21
16 85
69 4
81 16
5 9
76 28
80 13
74 66
94 29
49 65
42 1
89 1
10 16
85 2
96 56
36 36
83 69
40 37
4 81
58 36
19 83
18 41
61 83
90 35
64 17
61 33
88 49
89 91
87 57
70 62
27 70
12 16
33 76
100 15
16 40
13 17
79 62
59 63
57 45
54 34
18 51
65 35
54 25
80 92
53 20
77 60
100 43
65 94
69 97
69 31
18 82
62 44
67 11
27 2
38 99
31 27
76 40
18 3
46 33
90 89
68 61
88 22
43 49
40 47
98 59
14 12
85 8
68 25
80 10
27 96
57 44
35 82
27 6
84 79
3 58
51 17
13 26
11 76
11 35
71 7
6 18
12 98
83 58
76 18
44 81
27 29
75 8
61 90
50 43
20 97
67 75
72 52
9 92
17 22
41 70
38 92
26 70
71 19
46 83
89 16
86 3
27 28
3 33
90 1
92 98
86 78
41 76
46 19
63 90
77 9
41 54
88 8
16 20
83 63
10 3
24 63
31 16
76 11
81 8
52 11
10 41
89 26
82 75
10 42
15 36
44 22
32 74
8 98
61 68
97 69
23 68
30 54
99 13
29 24
99 100
31 23
96 58
86 11
98 14
36 47
88 78
21 27
26 5
60 11
56 91
41 1
92 59
8 13
29 81
7 92
13 1
43 3
52 32
52 81
52 11
40 46
38 100
67 5
67 66
25 77
99 51
30 36
31 82
85 20
56 27
95 46
18 11
45 96
52 81
67 61
79 98
26 54
100 86
25 62
59 53
31 1
43 74
55 7
32 85
4 79
80 65
23 26
12 82
89 51
85 54
55 52
95 52
80 29
21 43
22 5
47 32
68 39
65 83
41 25
19 52
68 90
73 38
6 3
44 27
14 52
87 11
51 33
21 69
67 74
47 7
25 2
69 59
69 88
93 26
82 12
56 95
37 85
79 47
12 76
98 10
21 95
82 73
44 54
90 86
84 92
40 77
79 16
44 45
88 14
91 78
35 79
15 7
61 24
18 24
33 85
38 80
95 61
77 64
13 11
75 3
75 6
28 85
36 89
85 64
73 7
44 16
16 19
23 84
96 19
28 8
22 97
57 14
3 63
6 81
94 50
58 21
81 41
49 90
64 32
19 57
7 21
93 58
31 26
4 73
84 29
84 11
63 49
21 9
21 53
74 57
17 46
72 14
90 16
57 9
87 34
94 100
96 96
67 43
14 46
92 26
91 10
56 30
56 70
72 98
3 8
75 28
69 34
16 69
7 100
30 53
66 53
57 73
19 54
72 37
89 32
33 37
99 68
64 71
68 97
15 81
81 89
10 42
12 19
32 57
47 90
46 74
49 8
66 21
4 41
19 98
10 52
31 35
24 40
82 95
8 99
14 70
5 31
58 62
4 80
98 37
32 49
67 8
98 2
85 99
36 44
72 39
51 76
29 23
37 86
55 76
79 42
63 47
57 66
91 41
68 84
86 96
79 61
93 29
27 81
12 25
68 68
82 69
13 9
13 82
30 58
22 28
40 43
82 28
16 20
35 81
14 67
8 44
85 67
100 44
89 73
76 36
23 20
6 4
17 7
74 70
83 43
36 96
44 26
68 81
25 52
62 82
25 76
29 83
31 66
2 97
37 95
99 50
91 70
38 7
5 2
86 73
32 15
100 82
42 64
99 69
1 37
33 79
28 6
84 52
54 15
4 58
18 13
4 39
98 11
51 52
36 21
95 11
32 33
35 26
57 83
20 27
29 56
9 25
49 74
36 58
86 12
2 70
58 8
73 100
3 46
27 56
54 49
4 88
17 42
77 43
99 90
75 14
11 93
16 65
61 24
95 59
49 21
20 44
43 25
9 51
56 71
90 94
40 1
73 99
12 62
5 69
4 34
63 7
62 19
48 14
35 38
29 13
43 62
46 3
71 44
96 4
33 71
91 56
41 22
80 21
22 2
100 63
43 45
11 94
73 58
33 48
22 76
38 48
20 55
9 81
32 60
38 24
46 90
96 47
91 68
27 66
46 50
8 69
56 3
66 3
54 71
70 22
29 41
77 42
84 28
76 99
60 78
88 26
68 41
89 82
50 7
61 63
23 89
98 77
31 86
9 39
95 97
41 50
78 68
13 35
13 61
88 50
14 73
46 7
66 92
81 88
37 61
12 67
10 72
39 79
45 43
43 36
30 100
76 55
5 78
8 57
37 47
24 65
9 73
77 29
4 71
68 43
48 59
26 20
91 76
98 1
66 35
45 9
73 23
85 14
29 14
99 47
34 35
57 70
41 75
91 22
37 99
10 3
85 12
45 35
74 20
30 7
2 65
61 73
87 53
