200 600
7 53
7 94
96 52
7 37
8 94
59 55
81 78
66 52
78 45
16 3
77 87
39 1
52 26
51 10
64 50
20 31
84 68
71 8
38 28
60 3
75 39
6 54
86 20
34 20
18 39
54 22
8 29
34 56
40 75
82 55
61 93
62 14
25 64
17 45
65 24
9 73
28 47
94 9
37 87
8 51
47 18
84 21
79 25
33 79
71 1
34 35
43 21
7 68
98 91
34 18
41 27
16 40
96 62
95 79
79 89
43 7
60 54
73 85
55 58
14 30
33 76
70 19
1 12
35 13
85 19
53 9
67 85
69 44
36 91
91 48
60 57
29 6
88 96
68 51
73 19
26 41
86 7
81 62
2 49
90 46
14 8
91 45
14 10
9 92
85 25
2 86
26 27
14 6
4 16
7 16
14 84
13 90
31 71
96 40
14 18
16 8
54 40
52 55
39 36
51 16
5 92
95 68
60 17
72 5
40 31
9 72
23 93
31 48
90 3
68 41
6 38
4 58
71 58
52 69
82 92
78 35
76 59
11 85
20 55
36 78
84 72
53 27
54 11
9 71
6 89
42 49
98 86
6 85
91 39
98 61
56 56
37 71
17 24
20 89
62 18
16 91
96 25
17 68
93 29
17 82
58 79
66 23
55 85
31 62
97 14
69 3
38 67
83 8
43 2
44 39
20 29
53 95
10 72
16 53
44 93
92 83
7 45
40 14
24 24
92 25
68 81
50 16
99 71
75 62
43 68
44 43
45 97
93 64
98 35
21 18
62 20
87 55
15 51
50 10
68 38
27 49
36 5
83 56
50 62
48 92
14 96
59 11
1 93
58 7
91 97
39 88
19 1
54 67
65 47
2 45
27 7
96 38
23 52
17 53
79 16
34 14
37 41
92 5
86 73
26 82
