500 1000
95 61
34 37
78 10
17 50
61 43
60 68
64 89
77 23
29 44
96 78
57 10
58 79
50 27
14 100
18 85
62 18
100 94
72 16
88 61
15 81
100 43
56 48
58 62
98 50
13 40
6 13
3 76
28 18
87 29
11 84
11 76
96 51
54 91
47 96
28 29
18 44
32 29
19 45
39 56
94 82
81 86
47 17
93 38
24 80
88 70
61 97
55 24
91 70
94 26
32 65
17 55
67 52
73 77
58 13
82 20
69 11
76 15
84 3
6 10
79 99
15 26
29 48
14 30
23 79
2 21
95 48
71 44
76 52
90 18
81 60
16 97
38 26
81 10
95 54
60 68
64 47
57 11
94 59
87 76
6 15
78 3
43 85
78 42
51 54
62 16
32 69
5 46
39 56
7 78
88 40
70 4
44 6
56 84
89 84
72 75
91 90
7 95
15 55
54 37
40 81
38 34
21 34
90 51
75 80
98 6
79 56
31 70
27 23
64 17
90 86
39 8
95 76
86 8
45 34
98 94
1 69
9 90
28 37
6 11
75 34
1 67
29 54
95 28
52 78
3 31
15 95
91 27
70 68
83 83
44 59
59 29
30 2
27 24
85 100
92 49
8 8
78 58
95 91
84 28
96 17
86 75
23 33
23 41
100 12
82 54
35 67
44 90
60 83
7 51
51 9
52 8
75 65
75 97
51 17
45 78
12 15
20 48
8 47
89 36
74 96
82 88
62 45
61 33
12 42
73 54
88 75
57 90
23 33
81 39
5 44
38 82
64 85
5 39
42 19
28 54
8 93
14 55
72 30
32 86
83 60
7 83
29 36
99 82
9 83
60 60
21 66
29 10
22 76
71 28
95 1
19 12
20 13
100 35
2 74
99 26
54 43
79 1
30 5
27 63
36 14
70 73
32 38
25 20
55 14
66 6
78 93
16 52
94 76
10 36
33 76
85 98
26 38
60 55
67 3
6 73
42 53
91 87
41 64
86 10
76 33
89 39
46 94
69 86
56 99
30 89
57 44
46 21
41 69
50 82
35 49
40 24
67 51
38 71
74 3
67 58
61 51
66 43
30 8
85 54
45 67
54 98
23 10
38 97
41 59
63 64
57 57
78 44
20 27
58 96
38 86
43 71
11 62
31 63
74 50
27 74
34 65
63 31
21 62
60 6
49 58
12 85
23 78
4 87
56 1
92 80
20 84
56 27
91 54
61 52
87 20
69 51
4 15
68 61
40 73
98 16
10 51
45 54
56 9
83 41
22 41
97 23
27 89
8 49
15 96
65 67
83 7
5 54
11 2
9 88
95 21
67 83
85 26
32 87
77 10
18 50
72 84
33 14
31 21
17 75
69 89
93 80
23 58
30 30
59 47
9 28
49 77
99 3
95 67
12 22
22 16
60 68
59 64
68 64
96 99
68 80
67 64
85 8
67 20
19 40
59 79
69 10
44 5
82 2
37 18
56 93
33 29
6 67
75 76
22 30
78 61
28 84
1 53
52 3
68 11
53 89
7 30
23 69
33 63
24 70
50 50
12 89
54 2
16 2
56 67
100 76
46 85
76 43
44 12
19 69
10 74
1 32
15 42
55 59
32 81
24 21
38 72
72 68
4 6
31 28
47 84
60 43
36 42
37 23
11 26
78 96
55 99
94 73
8 41
77 25
98 37
58 30
64 90
51 26
20 15
84 86
78 25
43 84
26 33
75 1
20 59
69 36
12 62
47 33
41 22
78 61
25 7
80 29
2 32
46 71
61 12
18 51
76 25
8 66
8 38
53 42
34 15
5 44
73 7
42 76
45 3
33 10
53 34
77 72
76 88
65 42
61 12
83 44
73 50
77 71
69 72
73 46
84 48
33 50
64 17
10 96
48 46
99 15
30 69
49 19
12 65
1 80
95 30
40 16
12 38
84 92
32 97
66 34
80 46
8 92
5 57
3 42
40 36
65 63
88 14
83 6
57 72
38 71
96 24
49 81
19 59
57 32
64 97
27 90
69 17
13 54
57 62
91 18
49 27
18 81
17 15
74 35
12 8
39 22
13 38
49 37
75 52
6 3
4 2
82 98
62 11
24 3
26 44
29 57
90 3
91 19
11 2
25 27
41 63
37 62
22 48
8 21
63 7
1 50
39 25
80 99
85 55
89 5
43 55
8 61
64 28
96 96
32 58
75 43
52 67
3 88
2 40
87 54
65 94
99 63
94 42
43 34
74 27
20 97
60 13
34 20
92 9
57 26
42 33
40 96
93 57
