5000 10000
64 29
33 55
28 45
86 16
19 19
33 37
33 40
69 64
78 29
87 97
38 55
55 66
55 47
90 52
75 73
7 76
57 84
29 33
24 81
1 11
78 10
43 31
88 18
50 21
83 22
53 52
93 76
26 12
89 42
47 52
35 14
65 88
4 51
45 32
5 48
7 96
81 86
96 43
37 64
47 93
18 20
55 81
95 63
94 27
69 97
4 43
56 20
86 79
57 35
5 1
67 94
1 62
13 40
76 1
45 53
29 39
48 61
85 65
61 19
54 58
10 54
100 97
26 37
83 85
4 70
11 93
74 64
76 68
21 61
68 71
44 33
90 17
64 84
92 3
52 57
19 40
96 60
81 36
18 9
19 53
8 76
31 6
38 64
43 66
6 8
13 59
64 98
33 69
31 89
80 5
30 4
58 51
48 48
9 86
13 91
59 34
14 93
92 33
95 92
71 21
20 38
64 20
23 56
48 90
61 27
75 89
49 59
6 73
60 37
7 18
3 48
57 2
50 40
42 13
14 56
70 40
41 99
96 14
5 42
32 44
10 29
99 21
5 53
32 69
56 11
22 47
29 13
89 8
91 58
44 43
19 16
21 13
54 84
41 70
84 26
31 80
6 49
85 12
98 89
63 75
45 15
64 4
33 74
64 41
100 68
1 93
21 40
99 70
36 9
46 8
20 6
30 68
82 40
23 66
82 86
18 87
22 17
25 14
99 10
25 96
92 63
60 51
18 17
42 86
12 100
81 2
90 66
52 22
89 57
79 59
71 26
77 28
1 63
16 16
78 58
2 47
38 35
70 36
97 92
21 48
84 92
27 88
55 64
57 89
89 74
24 51
86 72
12 32
83 69
35 92
12 78
72 9
76 51
32 77
73 45
85 50
15 26
11 97
88 95
35 51
85 57
19 84
100 29
4 18
6 78
40 40
35 38
90 48
1 66
70 37
59 23
64 38
20 25
67 9
81 49
13 13
9 88
2 46
42 99
25 75
78 78
50 77
21 12
51 19
30 56
51 79
29 64
92 16
6 64
66 51
57 36
2 2
90 33
70 97
98 64
84 11
77 83
56 27
68 61
14 100
78 73
4 18
56 46
31 90
80 64
43 70
22 20
11 60
71 85
7 100
97 13
16 9
51 51
65 91
20 19
50 68
6 54
72 22
19 32
97 51
97 46
1 54
36 66
52 1
27 71
63 76
67 60
16 70
19 14
62 25
86 44
26 1
14 34
64 19
14 22
85 26
92 17
18 84
13 99
73 81
14 21
6 52
70 7
80 47
100 21
88 71
15 13
27 56
32 49
69 87
61 84
91 88
99 58
15 81
67 70
73 10
14 19
44 93
79 68
44 83
11 70
20 71
52 2
94 95
21 55
13 4
50 89
41 73
95 66
76 15
22 27
5 10
17 7
27 97
57 48
78 94
60 26
95 87
46 66
21 44
67 59
82 27
9 85
27 27
51 36
2 22
23 8
65 50
70 6
79 8
50 99
70 60
64 41
4 48
11 68
27 27
63 70
57 13
71 78
94 78
63 23
80 9
57 21
21 82
43 74
41 11
16 51
28 76
65 55
82 64
30 32
26 4
53 28
6 66
83 36
52 76
89 50
81 74
96 19
62 4
5 63
48 93
93 3
41 50
56 44
58 79
60 56
30 6
3 32
83 76
3 1
69 40
46 4
64 10
55 42
41 100
43 27
90 78
100 38
60 85
30 74
73 86
53 95
1 49
21 1
19 61
97 59
85 72
94 5
77 86
36 82
63 56
98 29
24 11
76 43
11 98
36 36
91 31
62 61
35 82
19 22
14 50
77 28
55 52
84 3
49 88
32 97
77 93
61 100
30 57
33 24
45 85
27 16
42 97
81 86
87 58
84 58
54 65
67 51
19 45
58 70
61 35
1 67
93 91
65 90
75 80
28 15
97 60
40 4
18 34
5 74
71 16
93 69
64 60
73 11
66 1
14 41
69 97
28 82
61 93
10 1
38 23
82 34
14 11
97 38
56 66
69 73
81 59
50 78
22 65
40 51
1 74
34 19
13 96
14 48
71 88
21 9
13 68
26 2
92 33
66 41
9 41
66 51
66 18
62 47
14 62
2 30
8 17
8 44
51 86
72 51
91 74
27 66
6 5
84 87
12 85
32 63
60 17
15 16
90 63
61 37
80 61
61 58
47 96
76 14
86 26
16 13
42 2
89 5
48 99
99 62
24 63
81 47
12 66
74 64
70 26
64 51
21 24
96 18
75 77
44 35
62 63
64 90
40 54
58 56
67 53
31 26
85 4
42 87
33 61
100 5
38 18
94 58
75 80
23 73
7 88
22 43
83 36
77 9
31 35
35 100
82 97
55 64
35 71
53 35
6 3
2 53
75 92
3 1
25 11
16 86
40 4
12 14
82 68
99 45
36 67
80 11
43 75
37 51
5 77
32 14
44 52
44 75
84 2
22 10
55 5
6 22
24 54
53 83
77 70
51 6
58 79
27 90
22 12
71 83
69 82
86 40
44 11
79 30
17 19
36 97
47 6
88 60
89 84
85 30
66 98
26 95
30 50
75 52
3 71
55 70
78 12
26 9
43 29
48 44
37 32
8 24
46 61
82 19
49 76
13 85
36 6
83 85
3 34
32 72
30 36
49 14
55 16
28 14
70 13
14 14
33 92
56 23
47 9
46 17
53 95
74 39
35 66
81 44
90 54
92 36
68 98
79 49
86 98
80 61
77 45
71 57
24 39
21 54
86 74
52 64
20 60
31 64
61 8
89 39
57 78
53 14
93 42
71 90
35 83
5 73
46 73
94 58
18 1
7 94
23 100
41 79
25 30
26 84
48 50
24 18
76 6
79 88
84 94
74 69
90 65
9 21
54 20
6 100
39 90
89 66
24 22
99 85
72 91
11 37
97 13
94 59
56 23
85 76
29 35
15 72
55 94
21 35
64 9
83 24
88 64
40 31
81 87
44 8
45 92
39 51
24 65
95 27
83 1
2 58
44 3
70 26
77 45
94 25
27 36
84 88
76 66
20 3
71 100
79 37
61 45
74 87
57 12
98 36
30 3
65 12
71 68
22 93
81 25
31 40
51 92
4 7
24 63
30 71
51 73
57 98
48 86
49 4
88 95
48 51
98 26
33 29
76 70
37 56
26 97
95 49
58 87
99 25
43 24
21 21
83 74
49 69
89 95
11 10
12 56
44 38
41 4
6 16
93 27
67 38
87 15
75 50
20 8
90 15
32 4
1 87
76 75
43 67
76 78
66 3
84 55
87 80
96 31
82 12
79 70
100 67
75 7
86 91
63 95
100 58
36 38
16 96
15 51
70 18
35 49
16 1
48 50
22 65
79 16
71 29
99 48
89 67
65 54
98 34
74 13
71 28
70 13
86 12
15 97
14 94
30 14
49 40
11 100
20 59
71 29
76 13
66 76
73 43
25 34
86 22
8 72
92 9
93 28
45 95
97 29
99 64
69 53
77 37
16 37
37 25
19 3
8 24
55 75
44 40
60 29
74 17
28 55
74 49
2 41
27 100
13 69
22 61
91 11
27 16
83 75
47 96
97 32
88 53
11 97
34 34
53 64
5 6
14 25
40 56
48 39
80 65
84 41
75 87
37 14
23 54
91 25
95 100
7 61
87 38
87 10
25 23
92 70
75 90
36 51
66 26
55 55
92 54
52 21
59 52
70 43
4 34
19 4
40 79
3 94
19 89
48 25
68 58
35 3
23 17
67 1
18 86
41 63
96 65
19 13
43 65
61 87
83 70
37 83
10 8
63 91
94 38
4 12
69 73
90 84
74 45
16 21
58 94
90 69
95 92
78 79
48 91
26 29
26 22
21 14
41 21
1 3
29 16
9 18
77 63
70 47
86 98
45 89
95 91
94 97
21 81
94 3
90 55
24 66
10 95
57 18
66 56
29 6
3 90
91 70
60 22
72 47
51 19
4 76
43 75
87 28
18 92
50 45
97 85
24 93
65 14
93 93
79 45
29 71
57 19
66 66
88 67
87 40
66 32
100 91
80 51
64 65
17 100
99 53
54 8
48 75
55 74
91 6
64 8
1 86
22 10
55 60
14 97
90 81
26 88
57 78
46 26
55 62
64 15
62 18
9 75
35 71
51 29
45 57
5 67
51 40
31 82
67 89
36 73
23 90
80 52
34 29
22 9
32 16
44 32
95 76
87 28
1 48
86 10
62 82
89 35
65 36
5 2
62 51
80 92
75 34
13 28
50 97
76 30
40 36
74 16
38 37
83 54
4 57
28 65
71 44
64 24
45 13
82 68
46 37
89 94
3 23
77 49
36 65
43 82
71 72
70 30
38 78
14 56
23 42
67 35
77 75
10 51
91 33
19 51
48 21
45 54
31 77
98 70
1 2
76 41
35 96
4 18
99 5
34 51
46 31
94 84
84 9
49 21
86 89
61 93
9 25
80 65
3 41
4 19
30 65
32 2
68 73
67 56
81 100
70 9
55 83
6 49
99 42
9 44
50 29
39 91
27 18
99 70
38 49
95 69
8 61
53 54
34 47
19 91
36 75
17 60
13 93
1 61
26 13
29 3
6 51
63 43
8 32
94 23
36 15
72 48
35 94
38 50
28 19
17 86
19 38
82 75
53 71
99 31
74 91
29 46
99 66
15 99
39 23
23 16
36 84
41 61
39 26
12 78
63 100
24 38
9 100
42 52
40 6
85 90
9 50
14 98
22 62
22 44
20 31
41 100
21 97
79 36
56 78
52 23
23 66
43 6
85 94
36 83
99 90
40 94
20 35
13 83
6 24
25 52
5 36
56 99
51 69
66 59
10 13
50 44
64 35
83 1
10 84
65 72
43 51
86 32
94 75
98 51
2 63
30 40
43 61
76 79
10 18
4 52
91 18
100 65
10 31
55 63
11 85
38 31
29 21
66 25
58 83
60 55
36 59
67 44
67 6
65 31
60 30
80 91
63 62
54 27
10 57
68 82
4 28
3 95
55 27
88 16
22 51
81 20
80 96
88 93
23 72
25 4
42 38
85 13
94 44
82 60
28 64
46 98
55 50
43 70
60 45
47 25
58 19
23 4
22 5
1 7
66 7
4 88
82 1
84 96
55 35
1 44
41 84
80 77
71 16
51 2
42 100
69 34
4 25
5 78
47 5
76 31
32 58
52 31
27 11
67 25
78 67
78 92
64 36
60 41
81 42
98 37
43 71
86 30
46 7
42 31
78 98
73 46
75 55
36 72
58 16
8 84
73 5
50 29
76 56
96 40
52 95
50 71
68 13
48 87
34 35
12 8
51 43
72 33
59 26
5 39
42 54
54 37
83 10
22 24
17 38
58 92
40 6
84 87
73 42
3 7
38 50
15 4
33 3
100 34
36 71
4 90
55 30
17 8
44 88
42 18
2 86
45 61
24 100
16 85
7 97
30 74
41 5
51 76
45 47
46 39
96 60
69 91
13 55
79 95
80 95
9 65
3 47
22 8
51 71
74 41
46 51
93 99
11 79
54 57
80 73
28 18
34 79
60 3
31 90
59 9
95 87
53 33
91 91
61 83
91 10
33 94
24 100
76 82
50 49
51 100
66 91
52 21
29 53
21 60
30 13
68 10
56 40
22 57
59 82
90 27
14 98
13 35
2 52
42 28
17 89
3 82
9 2
30 54
21 100
2 74
3 93
6 79
68 77
33 52
61 54
29 55
14 68
85 80
78 42
35 46
2 88
87 18
26 82
11 43
78 94
31 20
82 70
79 90
35 34
95 5
98 10
93 34
12 11
3 34
57 2
57 46
22 92
46 24
97 75
99 99
39 52
5 11
55 100
2 24
42 76
79 44
86 72
20 82
19 96
37 15
97 58
19 45
54 22
73 48
89 54
89 48
15 27
59 89
25 94
22 17
39 97
99 96
16 75
29 57
67 77
64 59
12 47
4 95
58 32
73 6
29 95
41 63
95 28
96 78
45 52
90 14
24 67
96 46
22 54
57 51
58 87
20 23
55 5
62 33
47 51
4 72
100 57
57 73
40 96
11 12
87 57
14 68
41 32
17 25
93 98
42 73
59 72
76 77
38 88
36 51
4 87
34 95
45 51
63 29
33 98
83 4
1 91
77 13
40 98
50 95
59 38
77 14
67 66
100 71
84 68
75 64
11 43
27 12
29 99
4 2
3 15
91 47
97 93
30 51
75 27
56 45
36 57
69 64
42 56
83 63
2 73
37 1
99 64
18 52
71 62
65 78
100 95
63 56
20 77
48 29
49 40
36 80
40 25
19 10
50 15
53 65
77 62
94 56
36 14
71 18
6 97
42 73
67 20
22 86
98 62
87 42
44 79
10 56
27 28
24 27
23 20
38 60
72 53
2 94
60 78
28 25
77 52
21 37
94 64
53 3
45 44
48 61
7 54
27 18
61 87
37 61
56 39
100 20
73 46
83 20
34 1
25 91
4 41
87 79
17 91
15 28
45 68
22 6
26 36
8 91
21 93
44 32
69 38
39 32
92 30
8 65
9 71
74 25
25 73
90 100
58 75
46 68
88 34
56 38
22 64
46 66
93 9
84 62
73 89
18 90
22 72
62 16
88 75
83 58
2 35
52 58
11 62
53 51
85 97
98 84
70 94
30 87
56 15
2 22
44 7
70 19
4 84
20 24
80 85
5 47
18 96
52 99
5 37
96 83
1 61
97 6
7 49
6 19
45 84
23 48
62 15
19 21
32 14
77 10
8 36
99 73
61 40
45 76
18 67
60 96
85 42
25 68
17 66
89 7
73 14
82 27
79 9
30 77
94 80
39 88
53 31
92 88
75 46
58 92
68 39
43 1
54 28
47 84
80 75
1 76
16 81
83 27
1 39
56 91
87 82
77 38
82 71
27 88
98 78
2 16
9 92
69 2
10 26
98 31
18 53
39 22
35 10
93 56
90 20
25 83
88 65
19 77
51 68
21 85
71 76
42 91
74 89
75 4
96 60
94 74
87 99
99 4
16 46
82 81
6 80
62 62
28 67
69 26
90 18
19 75
28 30
94 89
87 28
56 11
10 30
4 3
24 93
40 4
72 28
79 55
54 18
39 79
2 72
11 60
98 77
86 29
5 48
66 35
72 59
57 47
25 79
28 46
79 10
27 42
88 87
1 37
45 50
86 72
100 24
9 3
74 38
82 8
62 78
29 23
42 46
84 31
40 96
77 45
48 36
17 99
63 1
94 27
19 15
29 47
34 32
22 44
70 46
26 84
83 41
28 60
3 6
88 9
46 77
26 27
8 76
46 26
63 78
67 95
82 67
1 94
46 84
92 98
61 87
97 63
69 59
7 45
58 74
32 46
48 1
63 4
70 71
85 29
71 13
88 41
62 54
60 41
97 15
69 61
25 37
67 14
76 31
83 55
27 31
71 98
8 32
70 7
54 40
55 72
32 38
11 99
18 37
93 96
33 91
64 98
30 22
27 6
5 58
37 23
22 55
56 99
49 11
29 47
9 31
61 38
12 68
66 4
54 12
2 21
74 95
88 52
24 69
21 50
2 29
73 42
93 100
58 39
58 73
22 26
22 87
49 77
50 55
69 73
98 14
18 10
60 94
23 74
51 76
88 66
67 67
32 15
56 38
2 86
11 88
91 74
69 41
74 68
40 43
24 78
19 98
12 79
1 75
23 27
21 2
36 62
94 35
96 39
76 82
35 100
55 38
69 26
61 5
60 55
40 97
75 8
70 45
8 24
26 45
32 85
15 71
86 43
63 68
62 29
42 25
16 52
90 24
9 24
17 45
72 74
32 80
61 1
16 49
58 82
44 46
39 41
51 59
84 56
97 98
37 65
38 75
28 93
73 12
56 7
22 50
50 81
57 31
35 80
9 8
99 14
92 33
40 48
30 78
52 70
3 22
9 91
62 39
46 93
58 66
24 60
28 47
3 80
74 30
80 88
42 28
40 63
62 33
18 16
19 97
84 84
39 52
53 72
23 98
66 2
27 6
83 32
91 72
98 2
50 51
59 12
6 6
63 89
80 58
27 4
6 58
81 48
15 38
69 78
20 61
32 41
55 37
62 92
12 10
51 44
5 5
30 95
47 38
17 4
22 12
34 4
42 83
74 91
43 78
72 15
76 60
41 86
44 82
77 37
22 89
25 63
12 57
53 99
32 52
41 84
40 66
67 68
38 71
31 28
88 77
66 27
5 36
39 17
97 89
87 14
53 31
33 12
51 18
14 77
93 53
13 57
3 100
1 10
40 97
47 91
100 36
12 14
81 17
2 91
59 8
81 95
89 55
36 50
50 31
16 7
68 1
58 93
49 62
61 42
78 62
38 99
95 7
38 21
56 85
21 94
13 52
51 54
68 64
62 16
32 52
18 39
51 32
48 12
38 62
78 1
99 67
88 49
58 92
37 5
2 19
90 3
42 76
11 73
97 4
89 85
79 2
94 22
46 49
91 49
24 80
47 20
18 95
77 31
6 35
59 53
70 39
70 90
21 25
8 14
88 100
12 74
59 7
80 50
82 100
96 75
82 51
86 96
88 69
93 95
25 11
9 40
54 12
94 49
22 35
39 89
32 18
88 28
18 57
30 14
22 29
91 33
49 74
85 53
9 23
36 47
95 71
55 10
31 13
46 85
90 21
45 42
85 27
65 86
12 55
84 1
60 37
24 9
84 6
62 58
8 51
19 88
30 47
27 28
11 12
55 2
60 50
15 34
32 47
75 23
42 85
44 57
63 40
22 95
84 49
81 69
29 72
20 92
96 62
13 77
40 33
27 11
47 12
5 48
44 21
12 58
38 24
20 34
17 59
45 34
87 47
2 79
30 31
60 35
15 17
61 9
3 9
98 79
18 71
72 43
7 8
15 42
21 81
75 27
52 59
60 55
94 97
63 4
63 72
46 78
89 11
12 65
12 33
91 47
17 60
92 78
14 72
56 61
33 26
85 17
88 67
75 56
20 25
4 2
87 60
15 50
15 65
76 75
34 80
49 88
79 93
26 89
84 62
28 38
48 50
75 61
40 98
8 47
61 37
85 61
65 12
59 19
21 69
13 10
28 43
73 63
90 7
44 41
35 59
13 91
34 98
45 24
49 59
39 56
29 18
64 20
100 93
17 38
63 81
82 68
48 29
18 58
86 2
70 83
40 28
46 39
34 73
76 83
88 1
36 24
61 3
51 55
28 15
18 5
88 27
100 61
32 21
89 11
5 59
55 28
75 85
72 82
19 52
70 47
77 43
97 52
43 37
33 28
36 47
5 77
69 43
46 48
14 44
45 48
39 95
37 26
86 13
9 71
89 33
82 49
70 28
33 35
25 69
93 1
55 26
90 86
46 31
20 34
4 25
97 58
89 1
75 29
9 70
23 57
16 29
40 23
39 71
44 55
20 19
66 2
44 39
99 20
92 96
93 38
95 55
33 65
31 34
11 66
10 58
96 58
11 32
99 17
14 64
42 54
78 71
82 25
12 24
35 1
97 5
50 11
57 86
56 32
50 48
99 8
33 34
11 79
26 32
28 55
20 71
27 34
10 18
98 19
21 72
17 27
55 46
29 73
62 61
58 4
5 23
47 66
38 60
4 45
58 29
63 37
39 56
90 74
31 60
55 33
28 33
89 37
26 86
89 57
27 20
5 4
77 92
34 11
11 79
6 37
95 3
89 77
4 38
73 34
81 8
73 68
66 47
51 95
41 48
60 27
82 45
23 12
93 78
29 77
52 90
62 30
16 79
15 99
35 98
15 26
48 49
88 48
20 71
28 22
36 23
2 73
12 92
32 87
30 7
85 38
58 91
92 53
40 79
28 54
82 21
29 70
15 47
96 68
66 35
29 74
82 51
41 49
33 92
60 25
70 16
6 23
33 14
7 27
16 56
57 91
53 71
61 29
48 40
69 60
89 45
52 62
9 74
19 7
55 43
56 14
10 74
36 56
35 75
89 87
99 88
95 92
24 83
15 42
51 64
96 61
70 85
95 5
14 35
58 80
46 94
30 46
95 7
70 8
56 82
75 38
3 33
35 100
70 35
20 25
87 72
8 49
40 59
66 8
70 57
81 24
59 74
60 26
64 15
18 63
47 60
75 39
50 4
6 74
6 31
52 28
28 6
64 25
43 78
74 63
66 1
58 48
46 61
86 89
81 91
8 39
37 26
76 96
38 66
58 19
93 31
76 39
9 78
57 54
20 58
75 3
37 51
70 32
62 94
8 47
99 17
6 54
85 18
42 85
9 92
96 24
18 91
45 14
45 1
79 4
65 74
17 71
83 26
24 21
67 38
3 93
35 45
24 17
68 97
79 42
92 23
77 10
43 36
33 15
32 35
3 33
55 17
10 87
94 37
74 57
80 15
84 91
96 81
1 44
47 61
7 23
36 16
8 39
64 5
95 87
19 40
95 42
24 57
98 53
5 68
15 98
8 97
62 45
12 13
47 21
15 10
89 46
4 92
7 55
89 62
94 38
53 10
62 99
35 77
16 4
70 97
54 2
65 14
46 79
98 23
3 78
15 54
92 10
85 17
25 19
10 99
6 92
98 58
59 51
66 100
89 8
34 36
72 5
61 88
10 25
91 68
77 5
51 16
51 24
50 20
13 61
85 88
3 74
20 41
75 16
19 86
37 100
70 100
19 20
48 13
82 90
73 56
48 27
93 14
4 49
65 76
64 93
38 70
4 8
47 80
66 38
52 26
7 6
46 8
77 87
9 59
37 73
30 37
29 67
37 42
5 97
72 22
48 68
50 31
91 24
52 98
1 95
21 84
50 75
34 39
40 78
28 39
2 28
4 14
28 62
50 76
94 53
92 30
63 63
18 23
24 63
61 21
71 77
53 65
53 79
56 57
100 53
81 16
17 64
40 56
7 89
84 73
75 82
9 59
43 6
7 22
39 92
95 71
80 96
61 68
27 59
57 19
16 58
11 33
53 20
69 60
92 43
23 49
30 80
55 65
37 91
8 65
34 89
85 12
63 15
33 67
43 49
91 82
66 90
57 55
99 64
37 4
53 60
100 47
13 72
50 98
23 8
96 90
34 22
7 25
11 38
22 60
72 57
35 14
80 9
10 82
53 16
43 63
61 2
90 89
89 82
59 36
82 6
89 15
57 17
52 69
28 28
88 26
72 65
49 90
16 74
14 73
58 99
11 63
57 47
8 23
24 32
38 42
25 73
60 56
93 84
3 71
92 74
32 58
41 5
67 53
70 82
25 59
27 84
24 26
90 3
64 17
91 27
8 12
29 33
45 27
9 86
37 7
81 68
93 69
57 51
57 40
78 96
94 38
39 13
6 55
30 59
64 87
46 93
94 20
16 37
25 71
88 89
69 100
29 79
99 63
30 98
91 38
39 82
50 49
21 20
93 40
96 7
59 74
92 20
11 90
84 57
77 70
21 20
61 62
16 95
79 82
82 79
23 98
5 70
21 98
41 63
64 72
90 44
96 55
44 5
6 44
89 21
26 76
51 8
65 75
88 85
32 31
82 98
89 76
4 1
15 76
1 67
40 84
88 96
24 59
90 62
41 58
91 6
31 19
17 79
25 27
99 71
52 50
66 76
63 87
15 31
59 86
88 47
47 62
3 85
96 35
70 36
28 89
35 54
49 84
11 99
74 21
69 74
24 65
13 76
54 43
20 82
99 57
98 87
55 39
87 93
67 6
5 92
93 22
58 73
58 27
54 50
67 44
2 16
90 97
56 56
60 99
98 55
16 27
26 99
62 57
90 66
96 27
55 90
85 78
25 94
55 75
39 6
24 53
4 97
84 42
87 48
12 99
20 83
70 45
32 24
98 15
34 79
30 39
6 94
55 72
36 45
12 41
68 89
16 90
50 44
3 63
100 58
56 97
4 55
35 73
86 98
99 34
25 84
77 33
54 60
93 81
91 19
81 60
27 32
9 28
16 46
61 10
9 59
6 79
92 22
74 65
67 19
36 35
43 47
25 13
32 81
45 96
98 71
4 22
91 70
9 15
44 38
69 65
26 84
28 47
29 23
74 16
7 70
94 84
25 67
79 99
43 46
95 43
81 23
1 64
20 28
25 2
12 39
100 80
44 90
81 89
57 79
85 98
59 72
32 47
60 87
64 55
54 8
57 64
36 46
85 24
43 2
37 47
9 38
100 98
14 32
66 82
82 53
85 48
82 69
59 21
46 25
98 88
69 22
12 88
1 17
74 67
81 92
7 34
69 3
9 100
29 73
87 66
20 81
7 7
39 39
20 32
32 52
86 97
64 33
65 5
32 84
4 85
35 67
91 29
26 7
71 67
69 92
83 45
63 88
94 16
36 41
47 64
59 12
92 91
7 21
55 84
29 91
27 60
46 62
54 79
57 9
43 14
82 61
89 78
88 35
4 4
14 46
43 45
57 65
25 21
11 33
11 76
33 81
15 94
61 41
89 75
67 8
96 40
7 22
43 54
52 96
48 73
57 63
42 93
3 39
82 62
50 26
19 29
69 42
5 4
50 9
46 69
58 17
70 54
30 5
3 54
5 7
64 80
51 45
32 5
86 11
27 8
82 11
67 40
27 11
40 5
61 10
44 35
40 87
3 20
63 4
85 82
9 41
15 31
23 62
89 49
9 65
26 71
2 12
96 5
58 100
37 85
75 49
92 64
56 95
71 74
48 26
79 25
7 2
26 96
16 95
88 35
85 96
3 67
64 78
76 48
42 67
81 89
40 75
48 26
7 15
82 31
95 66
29 5
83 68
58 62
26 21
22 97
97 74
84 15
3 55
38 17
16 77
17 84
52 42
98 43
99 84
24 29
17 100
5 59
83 87
22 32
33 81
63 59
73 56
55 36
93 58
89 77
98 54
89 30
96 72
17 76
91 99
64 96
81 91
74 36
24 96
19 17
19 84
55 34
33 56
11 33
70 59
36 66
24 64
77 98
6 1
7 67
17 74
38 55
55 18
3 15
37 21
78 64
98 76
32 51
30 25
99 67
80 97
36 12
32 49
58 10
14 57
54 30
79 43
34 17
43 26
35 32
6 73
100 84
69 75
11 23
98 48
44 99
14 38
28 45
95 72
16 80
28 61
95 44
77 98
80 23
4 14
45 12
57 48
26 8
97 24
87 30
66 76
31 31
59 59
37 85
3 12
11 30
10 79
31 23
16 44
90 82
99 19
27 76
99 47
48 89
20 69
30 67
16 40
94 17
25 94
47 96
39 97
45 50
79 73
59 83
1 78
62 26
55 95
73 35
21 73
15 39
25 79
47 76
60 63
62 52
48 13
82 74
57 11
65 51
96 38
89 77
88 36
17 42
6 78
68 53
82 27
88 48
69 11
27 74
52 100
48 94
89 36
6 71
25 11
92 99
63 81
38 100
21 60
28 52
11 93
19 4
48 55
88 10
53 19
54 51
59 37
63 98
8 55
94 51
7 92
89 47
91 17
58 92
75 13
78 89
87 22
78 78
75 88
19 67
35 34
63 57
62 20
50 53
83 96
60 97
60 4
22 72
71 44
24 54
76 10
21 74
29 7
14 35
12 17
73 91
81 76
31 11
91 5
88 26
18 15
22 84
19 71
23 48
63 24
54 65
8 47
20 45
87 23
24 72
26 82
35 51
3 36
87 80
30 36
86 88
31 85
96 21
55 40
97 64
34 68
12 53
95 46
39 13
65 93
29 58
34 44
84 100
7 82
69 47
93 26
15 59
73 28
40 78
80 95
99 76
2 19
8 30
84 12
50 78
17 35
60 96
42 74
52 4
16 92
45 9
66 89
35 65
62 52
98 52
95 98
25 7
43 90
100 83
37 43
13 97
31 85
37 62
65 5
71 31
97 15
92 80
68 1
94 31
15 28
84 4
58 45
100 41
38 45
90 16
21 74
90 37
35 88
82 97
43 67
86 84
97 78
62 41
86 52
67 30
1 28
22 32
88 23
11 59
95 36
49 10
61 4
3 32
92 26
58 74
78 89
49 58
89 85
14 36
45 65
85 1
37 66
72 82
73 58
93 57
16 57
99 46
91 93
61 68
8 62
43 21
27 47
59 74
97 17
6 99
6 56
70 19
36 22
66 12
67 53
7 72
47 22
29 87
83 97
49 36
86 41
3 58
54 74
40 41
22 52
64 1
1 19
21 98
85 37
31 53
78 20
75 25
32 72
69 78
26 99
53 62
75 84
60 30
31 13
17 23
16 82
24 72
41 100
47 92
40 96
54 89
87 17
58 79
1 57
95 57
9 39
44 97
49 24
38 17
71 3
64 36
38 50
49 36
52 83
57 97
96 76
41 100
74 33
32 87
18 54
25 66
38 61
76 91
2 76
66 9
8 2
37 10
10 2
13 73
33 86
56 25
79 32
100 27
97 75
18 15
100 60
34 49
32 29
1 48
3 35
25 81
88 24
96 35
12 65
14 90
3 76
87 21
59 14
51 79
88 66
74 39
7 88
56 16
17 22
79 98
72 75
19 83
54 76
25 51
80 88
21 37
47 10
98 51
17 72
67 83
49 81
44 9
6 58
58 15
70 44
87 12
59 63
25 40
86 11
76 43
38 70
3 64
29 29
49 55
67 45
13 85
23 69
95 37
94 55
59 91
52 60
17 80
93 35
41 83
27 2
4 20
59 84
84 24
90 67
13 69
53 29
55 11
30 55
40 79
97 20
91 61
81 24
48 44
9 92
29 67
17 3
88 96
21 25
84 63
51 98
11 63
89 65
91 81
82 73
94 27
19 31
28 27
46 100
95 55
96 78
16 89
61 1
30 56
39 16
63 3
43 28
92 75
66 14
70 93
24 5
86 94
12 97
29 57
97 15
1 48
46 62
79 95
61 5
46 88
57 50
22 26
5 46
74 6
87 93
74 65
91 11
100 64
66 46
1 46
22 92
68 84
48 35
49 13
95 38
83 67
9 27
9 5
78 51
87 91
49 68
43 27
40 61
13 88
16 38
46 19
30 5
60 12
40 11
5 33
23 94
79 28
93 32
96 83
10 37
76 48
5 47
87 56
87 91
18 64
23 29
70 91
25 58
19 33
42 65
42 25
10 24
40 71
79 70
89 80
29 67
99 13
59 50
99 4
30 74
33 34
91 55
43 43
66 34
80 23
62 43
73 21
59 6
65 71
64 14
91 21
4 82
3 17
18 16
100 24
3 64
93 26
45 56
17 25
49 29
21 91
8 38
15 13
56 71
3 12
17 99
40 64
20 75
35 14
60 31
25 67
76 56
57 68
28 59
24 18
86 34
80 1
43 38
92 57
54 36
42 64
10 81
26 47
64 7
60 74
37 27
69 95
57 78
23 81
19 47
30 75
44 99
16 41
26 42
79 92
60 77
32 93
46 11
65 77
35 66
83 69
80 91
90 37
55 17
99 11
14 78
91 11
17 95
24 52
97 33
58 61
12 93
100 87
71 66
10 1
46 87
72 69
62 66
3 42
88 4
1 68
19 38
66 37
28 94
76 81
60 20
44 67
54 89
4 97
50 97
16 66
96 47
50 97
36 7
56 98
88 33
36 100
78 64
16 99
53 98
8 73
40 94
5 75
73 30
53 10
34 41
42 92
82 9
54 88
99 73
39 98
48 71
85 7
67 58
67 50
25 68
8 9
3 52
25 33
27 94
92 22
4 92
58 34
5 19
28 11
19 66
25 43
70 89
74 36
81 10
40 99
59 31
87 81
83 9
24 48
11 98
6 98
37 94
47 72
13 93
76 66
23 86
29 40
10 97
18 97
100 60
59 36
52 87
88 46
89 46
18 75
73 13
93 40
17 86
39 13
61 64
18 30
19 72
81 66
3 60
8 29
95 15
74 56
60 66
42 15
11 51
54 68
12 47
72 48
54 70
10 94
66 92
51 94
44 43
63 100
52 40
80 57
4 17
37 55
70 25
84 70
91 84
3 55
82 39
76 99
20 89
27 32
82 93
36 22
14 16
11 78
10 72
57 90
29 5
100 4
29 36
2 79
91 27
53 53
93 32
28 23
77 86
28 81
47 96
42 98
99 94
18 25
72 88
46 63
68 97
86 42
95 7
86 81
84 17
36 92
62 28
92 31
72 68
68 62
50 88
72 70
73 30
80 72
38 14
8 30
5 70
48 12
35 99
88 84
62 48
67 53
29 73
33 49
77 48
36 70
4 87
96 16
1 39
27 46
31 32
57 30
32 28
89 59
42 36
37 68
70 32
32 65
99 14
78 23
78 26
87 37
14 57
17 25
44 11
54 33
94 33
51 76
17 59
54 80
24 66
60 84
57 27
56 86
61 50
97 54
81 35
33 5
67 9
36 57
70 97
2 51
86 60
68 56
87 89
43 46
50 18
85 54
89 88
1 9
17 9
78 72
52 84
100 80
72 93
1 57
18 55
19 75
46 26
64 3
71 15
12 62
51 88
28 83
92 36
70 97
44 56
76 41
39 42
84 13
54 64
28 33
61 41
17 90
25 57
46 80
9 21
20 44
39 30
38 46
50 2
4 5
97 20
96 70
70 10
100 20
90 74
87 49
8 52
38 64
90 9
64 34
33 22
80 58
59 75
42 47
53 79
36 10
86 46
58 97
70 16
28 32
60 21
79 95
29 11
75 7
5 66
70 95
8 42
23 31
75 7
62 8
64 52
10 78
88 91
71 31
40 93
87 37
3 29
64 71
89 39
63 67
43 88
78 94
24 43
81 100
23 73
31 100
27 68
61 77
29 80
24 10
81 14
78 77
24 32
86 70
70 11
65 55
100 77
20 37
34 76
67 43
55 71
25 48
91 75
46 64
41 49
54 14
22 42
16 70
88 53
57 90
90 19
69 97
60 42
42 70
18 13
43 17
21 92
25 28
48 10
31 18
87 52
56 100
77 4
21 34
76 28
51 1
87 90
3 51
22 13
33 19
96 80
52 85
69 16
88 16
66 26
73 40
18 16
78 65
44 87
50 76
57 64
50 14
71 83
1 84
51 85
1 15
76 28
9 54
8 69
99 70
21 97
65 60
6 70
50 43
77 88
91 89
28 54
75 5
15 21
17 27
22 3
42 41
77 38
92 23
7 27
48 10
11 36
26 16
32 22
22 54
83 60
5 98
59 83
7 62
76 43
29 78
96 16
35 32
74 3
98 73
64 55
73 50
70 13
77 58
39 91
18 58
26 32
91 100
79 25
98 35
23 13
9 64
54 41
19 22
15 77
69 60
12 6
15 84
37 11
13 84
16 89
75 28
28 64
24 8
47 88
80 73
97 28
9 96
50 18
39 43
36 17
48 29
44 12
74 27
66 58
86 9
28 76
61 95
38 24
39 59
15 12
54 30
86 37
30 92
45 17
35 61
51 76
5 21
31 100
27 95
64 100
13 64
58 33
25 30
87 98
67 97
68 86
86 4
95 74
19 36
50 96
63 49
60 64
48 72
76 54
90 10
15 11
88 41
56 69
97 38
95 52
16 47
83 95
26 77
32 87
89 92
96 100
40 86
40 3
35 20
12 7
81 15
6 23
22 38
67 30
46 89
11 24
73 8
49 96
41 4
63 29
44 48
40 48
27 12
86 39
34 49
24 17
28 81
18 22
71 43
52 39
43 80
25 43
89 49
68 62
99 84
32 73
76 77
91 61
69 50
29 55
73 11
11 17
99 57
58 83
76 92
93 7
40 56
93 91
19 77
69 64
26 42
79 22
97 4
5 85
42 8
86 92
75 14
27 69
73 27
85 41
26 88
53 1
42 82
59 57
97 28
77 49
26 52
99 60
74 14
88 36
36 9
74 99
25 47
4 29
68 39
50 90
36 33
47 35
26 68
62 35
57 25
16 23
24 91
99 51
32 53
46 33
73 49
100 69
94 54
26 52
78 68
85 67
66 34
6 56
10 14
17 4
97 94
40 19
31 37
25 92
74 1
13 66
75 70
63 89
2 81
80 9
18 67
44 89
6 73
29 96
15 81
98 56
61 69
8 56
2 72
99 17
71 21
68 68
30 9
55 88
31 81
54 45
18 94
69 69
54 70
84 30
28 52
53 26
7 5
99 8
42 49
70 7
14 93
68 32
22 82
74 50
77 59
65 37
35 26
23 33
62 53
38 42
77 71
82 26
37 98
76 84
72 57
91 58
32 75
33 75
78 45
33 10
64 93
29 83
38 72
55 14
93 40
18 23
60 95
50 72
81 85
40 63
10 53
49 21
25 60
28 59
11 81
52 82
36 24
80 37
9 5
30 32
78 84
3 69
93 91
91 91
69 44
20 93
20 59
21 77
28 41
90 27
40 2
50 42
72 77
23 31
22 37
11 43
33 4
53 26
92 68
42 57
73 38
7 95
41 11
91 97
96 94
93 37
85 31
99 12
42 13
38 43
3 65
65 38
80 12
18 11
21 9
42 7
89 4
49 27
12 78
40 11
69 7
77 21
2 32
33 86
73 61
19 12
92 11
6 29
18 9
67 38
56 66
61 18
11 24
68 13
24 69
55 20
57 17
11 15
74 20
59 63
12 100
34 66
27 38
77 64
72 57
54 14
74 82
66 84
81 100
88 70
29 79
49 69
32 35
58 54
18 49
27 37
92 65
59 75
29 56
89 21
83 90
10 13
69 57
41 39
26 90
66 29
89 73
15 38
96 59
73 87
36 61
25 72
36 98
88 93
37 25
66 46
12 47
99 53
40 24
43 14
10 50
21 65
41 17
78 12
71 88
50 73
22 54
80 81
86 25
17 87
68 16
29 72
70 58
46 20
50 19
60 18
5 91
89 19
33 88
4 20
51 37
8 2
88 22
57 33
20 38
19 29
41 65
7 79
79 30
89 34
15 20
5 80
90 50
41 9
69 5
36 20
15 97
42 70
65 11
19 6
43 93
33 21
5 26
100 80
28 75
73 71
28 75
11 32
35 84
88 55
31 100
9 64
55 48
7 32
63 84
48 86
10 63
17 74
49 69
75 97
68 57
53 26
55 27
81 97
17 50
51 97
70 24
34 54
11 29
73 38
55 4
81 88
17 1
99 37
91 92
92 22
69 100
75 99
70 2
78 65
35 63
60 10
89 67
16 99
13 34
56 47
3 82
64 33
37 66
100 99
90 99
64 82
100 27
59 42
100 52
23 29
7 7
3 55
34 41
11 8
50 95
8 41
24 82
60 26
16 41
57 68
18 28
49 64
44 90
15 83
64 28
45 48
41 3
99 25
23 30
65 86
25 27
41 2
53 45
100 86
47 23
59 34
95 4
10 25
88 16
98 63
75 31
52 1
40 91
26 40
31 81
32 50
2 48
55 36
92 89
67 2
77 53
83 57
66 33
77 10
20 65
78 80
99 56
53 36
31 57
70 52
67 98
66 53
43 6
74 10
8 3
15 18
2 86
34 2
24 13
70 38
42 60
96 48
46 4
92 36
100 61
100 83
61 35
83 57
51 85
84 45
39 2
9 43
10 84
32 43
94 18
23 66
45 11
75 97
17 24
83 38
46 39
55 78
9 99
38 11
92 6
2 26
48 98
95 60
86 61
77 42
93 44
82 20
86 84
56 16
27 86
84 5
15 84
65 89
26 31
31 75
67 28
60 76
38 58
72 91
8 65
15 70
87 19
38 30
54 78
1 7
54 58
26 69
85 68
73 73
2 98
13 54
15 14
97 54
71 100
44 49
53 85
26 69
22 62
39 42
33 5
41 68
13 20
23 43
92 3
8 14
66 25
80 8
1 4
100 42
91 40
80 5
25 25
82 64
88 22
74 77
93 10
79 66
37 33
30 30
60 50
59 77
49 24
25 58
37 77
15 41
36 7
21 69
89 34
57 67
47 74
36 47
41 1
45 20
63 43
2 97
18 19
13 30
56 20
35 78
14 69
9 96
15 8
45 23
85 3
93 46
44 48
31 44
25 85
100 7
39 40
81 4
1 77
84 40
43 41
62 81
65 7
55 75
59 60
71 56
35 65
12 10
26 84
22 83
47 50
59 98
84 88
50 2
100 28
4 21
31 44
14 7
51 100
3 98
19 69
23 34
70 22
82 19
100 46
46 53
90 78
63 4
51 77
73 25
29 14
76 20
35 48
45 72
52 100
23 54
51 49
56 91
2 68
16 91
60 98
48 19
62 6
69 43
21 92
22 12
55 21
43 2
28 19
42 61
86 56
98 83
27 22
57 27
43 18
66 56
13 26
100 16
93 75
86 47
70 26
78 8
33 19
24 89
75 54
64 98
89 32
89 88
97 72
64 98
84 46
83 17
61 41
22 78
69 25
12 67
58 86
18 28
32 25
64 20
47 99
68 26
8 51
94 16
36 46
96 96
12 26
64 48
77 14
80 69
77 5
1 87
40 88
1 34
22 1
15 2
63 46
36 18
50 81
62 50
89 46
2 28
70 12
53 55
59 50
18 17
25 65
67 53
49 45
49 4
88 65
90 45
15 5
20 12
61 12
49 91
86 50
50 9
88 66
19 45
49 56
45 17
32 52
78 96
22 2
67 64
72 40
66 21
87 100
14 79
94 21
12 37
9 57
96 62
90 68
78 1
84 51
61 8
74 41
49 26
73 81
82 46
16 16
21 100
51 98
11 87
21 98
73 27
29 13
79 33
62 99
76 22
4 71
95 57
60 36
2 61
68 45
71 30
74 65
55 43
6 44
58 34
74 14
65 82
43 12
24 13
33 59
41 46
76 68
28 82
10 57
72 82
86 46
58 29
83 56
6 45
33 82
49 39
50 87
68 18
98 2
83 18
49 44
35 8
79 27
79 23
61 96
27 32
5 72
7 64
43 61
83 89
40 10
92 49
92 10
68 72
47 96
6 84
92 65
74 58
40 46
49 98
70 19
87 52
52 36
60 60
63 55
35 10
13 12
19 54
79 86
37 61
71 16
27 61
55 2
56 18
34 45
55 100
16 30
22 1
4 60
28 39
77 95
94 40
55 43
94 52
84 88
12 24
28 31
57 34
15 65
36 8
5 94
29 95
29 17
49 48
35 81
68 95
42 75
90 83
7 44
28 3
78 11
11 43
85 10
75 60
82 31
97 95
79 82
93 31
91 69
3 76
35 16
47 76
26 51
25 54
50 53
55 70
58 71
87 77
26 18
25 4
70 2
59 53
9 99
4 38
49 60
66 68
9 6
24 55
80 2
54 74
84 24
96 41
90 47
83 79
57 18
63 17
60 6
15 7
66 92
10 12
78 21
48 84
82 5
23 81
66 55
46 63
57 60
77 3
58 32
25 65
84 12
11 16
55 68
59 62
46 82
17 60
6 58
97 26
86 1
99 49
82 57
93 57
18 42
78 60
89 77
69 28
72 65
33 11
95 46
95 8
42 38
81 59
52 67
97 7
81 52
93 55
12 33
100 71
37 5
50 2
91 7
18 7
8 23
39 21
66 28
22 37
9 85
99 66
40 35
48 91
95 77
72 3
65 54
47 87
72 66
21 56
94 15
61 20
50 58
16 62
14 21
38 25
17 5
75 56
30 78
26 68
51 98
8 95
93 63
91 57
5 39
2 73
84 40
55 14
16 79
8 81
80 55
78 76
84 92
12 87
94 89
55 38
5 97
51 84
90 89
64 15
16 21
22 51
62 15
70 95
46 99
93 61
9 57
84 23
7 42
58 30
75 7
96 7
15 42
38 8
3 60
22 22
19 39
54 77
29 76
66 11
61 59
69 84
14 43
1 88
79 65
77 55
8 17
51 14
12 19
50 79
56 11
78 89
79 69
65 15
89 42
87 20
59 39
70 50
15 38
89 69
13 32
57 31
36 36
16 49
32 71
61 40
14 78
58 35
10 51
57 31
41 6
40 94
90 5
80 72
76 55
56 36
34 33
51 96
49 7
97 81
19 20
69 33
34 42
81 83
99 83
59 2
58 47
64 15
93 66
95 41
86 96
9 91
63 100
88 95
50 12
51 50
22 36
77 87
45 50
38 26
87 44
56 8
86 15
80 32
94 66
54 28
61 100
94 94
83 16
36 16
12 56
20 6
24 71
93 61
36 82
12 25
94 64
34 30
60 91
32 79
11 48
70 49
19 9
80 4
59 75
70 35
89 80
11 75
93 12
25 62
74 39
36 17
90 97
54 74
56 89
97 38
13 94
13 30
48 24
64 28
7 34
73 34
51 56
47 88
94 22
81 47
68 65
79 76
86 44
96 92
51 34
64 54
47 32
14 62
35 10
96 47
56 1
41 31
18 69
44 79
47 19
93 95
81 88
76 59
18 82
29 3
86 19
15 99
9 62
15 60
26 33
27 70
61 32
45 36
56 37
56 43
5 56
8 52
50 16
61 90
50 90
58 69
92 29
40 47
71 60
48 27
46 64
39 94
95 83
87 79
4 16
93 9
95 68
74 70
96 24
55 74
55 81
35 70
36 88
51 56
18 68
19 27
10 40
81 93
20 14
13 16
96 23
78 29
49 13
99 61
47 6
16 3
44 38
74 94
80 68
81 26
67 41
13 36
56 61
71 39
48 14
64 49
87 96
86 65
72 68
85 5
90 70
69 76
61 96
62 15
72 12
58 26
93 86
87 47
60 81
83 14
27 72
17 69
53 83
